3.000000e-01 7.671015e-04
3.100000e-01 2.024146e-03
3.200000e-01 2.833372e-03
3.300000e-01 3.948676e-03
3.400000e-01 5.271575e-03
3.500000e-01 6.646831e-03
3.600000e-01 7.943423e-03
3.700000e-01 9.339507e-03
3.800000e-01 1.076989e-02
3.900000e-01 1.208276e-02
4.000000e-01 1.226327e-02
4.100000e-01 1.080642e-02
4.200000e-01 1.203621e-02
4.300000e-01 1.267614e-02
4.400000e-01 1.295054e-02
4.500000e-01 1.343084e-02
4.600000e-01 1.392347e-02
4.700000e-01 1.466346e-02
4.800000e-01 1.561470e-02
4.900000e-01 1.692008e-02
5.000000e-01 1.855390e-02
5.100000e-01 2.068545e-02
5.200000e-01 2.354439e-02
5.300000e-01 2.338174e-02
5.400000e-01 2.312646e-02
5.500000e-01 2.307560e-02
5.600000e-01 2.863519e-02
5.700000e-01 3.769461e-02
5.800000e-01 4.813470e-02
5.900000e-01 6.072547e-02
6.000000e-01 7.588936e-02
6.100000e-01 9.300030e-02
6.200000e-01 1.119728e-01
6.300000e-01 1.321033e-01
6.400000e-01 1.512982e-01
6.500000e-01 1.698026e-01
6.600000e-01 1.868427e-01
6.700000e-01 2.031587e-01
6.800000e-01 2.175750e-01
6.900000e-01 2.329293e-01
7.000000e-01 2.502842e-01
7.100000e-01 2.713669e-01
7.200000e-01 2.979079e-01
7.300000e-01 3.290000e-01
7.400000e-01 3.656968e-01
7.500000e-01 4.075541e-01
7.600000e-01 4.535721e-01
7.700000e-01 5.026754e-01
7.800000e-01 5.547299e-01
7.900000e-01 6.097043e-01
8.000000e-01 6.675316e-01
8.100000e-01 7.285355e-01
8.200000e-01 7.928158e-01
8.300000e-01 8.595040e-01
8.400000e-01 9.304758e-01
8.500000e-01 1.001886e+00
8.600000e-01 1.073634e+00
8.700000e-01 1.146827e+00
8.800000e-01 1.211516e+00
8.900000e-01 1.267393e+00
9.000000e-01 1.316847e+00
9.100000e-01 1.359456e+00
9.200000e-01 1.394669e+00
9.300000e-01 1.424123e+00
9.400000e-01 1.448924e+00
9.500000e-01 1.470018e+00
9.600000e-01 1.488159e+00
9.700000e-01 1.503505e+00
9.800000e-01 1.513762e+00
9.900000e-01 1.519888e+00
1.000000e+00 1.520661e+00
1.010000e+00 1.514354e+00
1.020000e+00 1.500105e+00
1.030000e+00 1.476698e+00
1.040000e+00 1.443958e+00
1.050000e+00 1.402892e+00
1.060000e+00 1.353413e+00
1.070000e+00 1.298328e+00
1.080000e+00 1.237110e+00
1.090000e+00 1.170945e+00
1.100000e+00 1.102504e+00
1.110000e+00 1.032165e+00
1.120000e+00 9.595117e-01
1.130000e+00 8.849523e-01
1.140000e+00 8.093352e-01
1.150000e+00 7.333873e-01
1.160000e+00 6.583609e-01
1.170000e+00 5.863091e-01
1.180000e+00 5.183519e-01
1.190000e+00 4.559392e-01
1.200000e+00 4.000968e-01
1.210000e+00 3.518734e-01
1.220000e+00 3.122225e-01
1.230000e+00 2.812520e-01
1.240000e+00 2.581160e-01
1.250000e+00 2.422960e-01
1.260000e+00 2.332652e-01
1.270000e+00 2.298837e-01
1.280000e+00 2.306883e-01
1.290000e+00 2.343284e-01
1.300000e+00 2.394342e-01
1.310000e+00 2.446992e-01
1.320000e+00 2.488494e-01
1.330000e+00 2.510950e-01
1.340000e+00 2.510397e-01
1.350000e+00 2.487546e-01
1.360000e+00 2.450323e-01
1.370000e+00 2.407559e-01
1.380000e+00 2.367986e-01
1.390000e+00 2.344989e-01
1.400000e+00 2.352214e-01
1.410000e+00 2.394600e-01
1.420000e+00 2.468590e-01
1.430000e+00 2.565013e-01
1.440000e+00 2.668709e-01
1.450000e+00 2.760207e-01
1.460000e+00 2.819657e-01
1.470000e+00 2.830148e-01
1.480000e+00 2.784172e-01
1.490000e+00 2.679299e-01
1.500000e+00 2.515890e-01
1.510000e+00 2.306963e-01
1.520000e+00 2.072464e-01
1.530000e+00 1.828593e-01
1.540000e+00 1.591237e-01
1.550000e+00 1.264938e-01
1.560000e+00 9.797954e-02
1.570000e+00 8.715109e-02
1.580000e+00 7.628659e-02
1.590000e+00 6.460694e-02
1.600000e+00 5.667060e-02
1.610000e+00 5.100886e-02
1.620000e+00 4.563373e-02
1.630000e+00 4.176985e-02
1.640000e+00 3.981727e-02
1.650000e+00 3.931185e-02
1.660000e+00 3.980663e-02
1.670000e+00 4.099270e-02
1.680000e+00 4.302001e-02
1.690000e+00 4.566515e-02
1.700000e+00 4.871327e-02
1.710000e+00 5.189219e-02
1.720000e+00 5.508644e-02
1.730000e+00 5.841454e-02
1.740000e+00 6.214846e-02
1.750000e+00 6.683084e-02
1.760000e+00 7.323279e-02
1.770000e+00 8.172674e-02
1.780000e+00 9.279247e-02
1.790000e+00 1.058257e-01
1.800000e+00 1.209721e-01
1.810000e+00 1.388443e-01
1.820000e+00 1.545679e-01
1.830000e+00 1.742723e-01
1.840000e+00 1.815182e-01
1.850000e+00 1.852858e-01
1.860000e+00 1.860790e-01
1.870000e+00 1.854348e-01
1.880000e+00 1.767775e-01
1.890000e+00 1.640318e-01
1.900000e+00 1.503498e-01
1.910000e+00 1.392130e-01
1.920000e+00 1.311616e-01
1.930000e+00 1.279787e-01
1.940000e+00 1.304964e-01
1.950000e+00 1.380143e-01
1.960000e+00 1.491226e-01
1.970000e+00 1.621269e-01
1.980000e+00 1.739518e-01
1.990000e+00 1.820780e-01
2.000000e+00 1.829631e-01
2.010000e+00 1.842176e-01
2.020000e+00 1.760326e-01
2.030000e+00 1.559296e-01
2.040000e+00 1.383046e-01
2.050000e+00 1.023331e-01
2.060000e+00 8.435336e-02
2.070000e+00 6.723811e-02
2.080000e+00 3.652466e-02
2.090000e+00 2.772079e-02
2.100000e+00 2.138742e-02
2.110000e+00 1.640235e-02
2.120000e+00 1.313062e-02
2.130000e+00 1.043826e-02
2.140000e+00 9.565069e-03
2.150000e+00 8.955467e-03
2.160000e+00 8.491875e-03
2.170000e+00 8.513754e-03
2.180000e+00 8.881206e-03
2.190000e+00 8.649417e-03
2.200000e+00 8.569325e-03
2.210000e+00 8.005919e-03
2.220000e+00 7.375175e-03
2.230000e+00 6.995349e-03
2.240000e+00 6.590082e-03
2.250000e+00 6.266092e-03
2.260000e+00 6.203918e-03
2.270000e+00 6.449026e-03
2.280000e+00 7.033697e-03
2.290000e+00 7.983719e-03
2.300000e+00 9.324371e-03
2.310000e+00 1.108390e-02
2.320000e+00 1.329553e-02
2.330000e+00 1.599492e-02
2.340000e+00 1.921627e-02
2.350000e+00 2.298667e-02
2.360000e+00 2.731303e-02
2.370000e+00 3.216806e-02
2.380000e+00 3.747050e-02
2.390000e+00 4.306573e-02
2.400000e+00 4.870964e-02
2.410000e+00 5.407259e-02
2.420000e+00 5.875984e-02
2.430000e+00 6.235434e-02
2.440000e+00 6.448271e-02
2.450000e+00 6.488163e-02
2.460000e+00 6.345717e-02
2.470000e+00 6.031917e-02
2.480000e+00 5.577907e-02
2.490000e+00 5.031445e-02
2.500000e+00 4.450454e-02
2.510000e+00 3.894966e-02
2.520000e+00 3.419318e-02
2.530000e+00 3.065604e-02
2.540000e+00 2.858865e-02
2.550000e+00 2.804736e-02
2.560000e+00 2.889415e-02
2.570000e+00 3.081669e-02
2.580000e+00 3.336945e-02
2.590000e+00 3.603200e-02
2.600000e+00 3.827830e-02
2.610000e+00 3.965205e-02
2.620000e+00 3.983020e-02
2.630000e+00 3.866723e-02
2.640000e+00 3.620799e-02
2.650000e+00 3.266762e-02
2.660000e+00 2.838332e-02
2.670000e+00 2.374805e-02
2.680000e+00 1.914436e-02
2.690000e+00 1.672885e-02
2.700000e+00 1.273239e-02
2.710000e+00 9.326370e-03
2.720000e+00 6.717749e-03
2.730000e+00 4.844530e-03
2.740000e+00 3.616085e-03
2.750000e+00 2.859517e-03
2.760000e+00 2.477753e-03
2.770000e+00 2.379428e-03
2.780000e+00 2.459882e-03
2.790000e+00 2.678393e-03
2.800000e+00 2.999716e-03
2.810000e+00 3.399979e-03
2.820000e+00 3.858407e-03
2.830000e+00 4.399058e-03
2.840000e+00 4.898752e-03
2.850000e+00 5.360671e-03
2.860000e+00 5.741178e-03
2.870000e+00 5.867882e-03
2.880000e+00 5.970924e-03
2.890000e+00 5.910973e-03
2.900000e+00 5.663027e-03
2.910000e+00 5.317701e-03
2.920000e+00 4.883079e-03
2.930000e+00 4.457182e-03
2.940000e+00 3.986349e-03
2.950000e+00 3.570191e-03
2.960000e+00 3.244762e-03
2.970000e+00 3.087381e-03
2.980000e+00 3.013388e-03
2.990000e+00 3.090676e-03
3.000000e+00 3.330453e-03
