3.000000e-01 2.027847e-28 6.593357e-10 7.097271e+13
3.100000e-01 2.001610e-28 7.065825e-10 7.605850e+13
3.200000e-01 1.975652e-28 7.486078e-10 8.058221e+13
3.300000e-01 1.950073e-28 7.841173e-10 8.440455e+13
3.400000e-01 1.924884e-28 8.111777e-10 8.731741e+13
3.500000e-01 1.900062e-28 8.274575e-10 8.906981e+13
3.600000e-01 1.875609e-28 8.307242e-10 8.942144e+13
3.700000e-01 1.851546e-28 8.194483e-10 8.820767e+13
3.800000e-01 1.827888e-28 7.933477e-10 8.539814e+13
3.900000e-01 1.804650e-28 7.537149e-10 8.113195e+13
4.000000e-01 1.781842e-28 7.034109e-10 7.571709e+13
4.100000e-01 1.759480e-28 6.465080e-10 6.959190e+13
4.200000e-01 1.737581e-28 5.876715e-10 6.325858e+13
4.300000e-01 1.716150e-28 5.314298e-10 5.720457e+13
4.400000e-01 1.695158e-28 4.815127e-10 5.183135e+13
4.500000e-01 1.674566e-28 4.404211e-10 4.740814e+13
4.600000e-01 1.654352e-28 4.092850e-10 4.405657e+13
4.700000e-01 1.634527e-28 3.880227e-10 4.176784e+13
4.800000e-01 1.615109e-28 3.757303e-10 4.044465e+13
4.900000e-01 1.596110e-28 3.712217e-10 3.995933e+13
5.000000e-01 1.577519e-28 3.735947e-10 4.021477e+13
5.100000e-01 1.559323e-28 3.827268e-10 4.119777e+13
5.200000e-01 1.541506e-28 3.996069e-10 4.301479e+13
5.300000e-01 1.524059e-28 4.264481e-10 4.590405e+13
5.400000e-01 1.506975e-28 4.665389e-10 5.021953e+13
5.500000e-01 1.490248e-28 5.238129e-10 5.638466e+13
5.600000e-01 1.473871e-28 6.021475e-10 6.481682e+13
5.700000e-01 1.457836e-28 7.044484e-10 7.582877e+13
5.800000e-01 1.442138e-28 8.316509e-10 8.952120e+13
5.900000e-01 1.426769e-28 9.818483e-10 1.056889e+14
6.000000e-01 1.411721e-28 1.149823e-09 1.237702e+14
6.100000e-01 1.396988e-28 1.327207e-09 1.428642e+14
6.200000e-01 1.382562e-28 1.503439e-09 1.618343e+14
6.300000e-01 1.368433e-28 1.667455e-09 1.794894e+14
6.400000e-01 1.354595e-28 1.809814e-09 1.948133e+14
6.500000e-01 1.341042e-28 1.924797e-09 2.071904e+14
6.600000e-01 1.327767e-28 2.011905e-09 2.165670e+14
6.700000e-01 1.314765e-28 2.076319e-09 2.235007e+14
6.800000e-01 1.302029e-28 2.128115e-09 2.290761e+14
6.900000e-01 1.289553e-28 2.180360e-09 2.347000e+14
7.000000e-01 1.277331e-28 2.246542e-09 2.418239e+14
7.100000e-01 1.265357e-28 2.337937e-09 2.516620e+14
7.200000e-01 1.253625e-28 2.461603e-09 2.649737e+14
7.300000e-01 1.242129e-28 2.619421e-09 2.819617e+14
7.400000e-01 1.230861e-28 2.808417e-09 3.023057e+14
7.500000e-01 1.219814e-28 3.022167e-09 3.253144e+14
7.600000e-01 1.208980e-28 3.252867e-09 3.501476e+14
7.700000e-01 1.198352e-28 3.493433e-09 3.760428e+14
7.800000e-01 1.187929e-28 3.739078e-09 4.024846e+14
7.900000e-01 1.177713e-28 3.987931e-09 4.292719e+14
8.000000e-01 1.167708e-28 4.240551e-09 4.564646e+14
8.100000e-01 1.157916e-28 4.498627e-09 4.842446e+14
8.200000e-01 1.148341e-28 4.763284e-09 5.127331e+14
8.300000e-01 1.138976e-28 5.033518e-09 5.418218e+14
8.400000e-01 1.129792e-28 5.305257e-09 5.710725e+14
8.500000e-01 1.120757e-28 5.571445e-09 5.997258e+14
8.600000e-01 1.111842e-28 5.822944e-09 6.267978e+14
8.700000e-01 1.103014e-28 6.050025e-09 6.512413e+14
8.800000e-01 1.094248e-28 6.244074e-09 6.721293e+14
8.900000e-01 1.085581e-28 6.399407e-09 6.888498e+14
9.000000e-01 1.077099e-28 6.514119e-09 7.011977e+14
9.100000e-01 1.068889e-28 6.589978e-09 7.093634e+14
9.200000e-01 1.061041e-28 6.631876e-09 7.138734e+14
9.300000e-01 1.053641e-28 6.646734e-09 7.154727e+14
9.400000e-01 1.046764e-28 6.642042e-09 7.149677e+14
9.500000e-01 1.040279e-28 6.623200e-09 7.129395e+14
9.600000e-01 1.033877e-28 6.592541e-09 7.096393e+14
9.700000e-01 1.027247e-28 6.549686e-09 7.050263e+14
9.800000e-01 1.020076e-28 6.491442e-09 6.987567e+14
9.900000e-01 1.012053e-28 6.412284e-09 6.902360e+14
1.000000e+00 1.002865e-28 6.305390e-09 6.787296e+14
1.010000e+00 9.925201e-29 6.165981e-09 6.637232e+14
1.020000e+00 9.819093e-29 5.995976e-09 6.454234e+14
1.030000e+00 9.720760e-29 5.800017e-09 6.243298e+14
1.040000e+00 9.640636e-29 5.584589e-09 6.011406e+14
1.050000e+00 9.589152e-29 5.357539e-09 5.767003e+14
1.060000e+00 9.576742e-29 5.127195e-09 5.519055e+14
1.070000e+00 9.613743e-29 4.901391e-09 5.275992e+14
1.080000e+00 9.696589e-29 4.679797e-09 5.037463e+14
1.090000e+00 9.793367e-29 4.448678e-09 4.788680e+14
1.100000e+00 9.868713e-29 4.195553e-09 4.516209e+14
1.110000e+00 9.887262e-29 3.911088e-09 4.210003e+14
1.120000e+00 9.813651e-29 3.589520e-09 3.863858e+14
1.130000e+00 9.612515e-29 3.229028e-09 3.475815e+14
1.140000e+00 9.248489e-29 2.832173e-09 3.048630e+14
1.150000e+00 8.696934e-29 2.408686e-09 2.592776e+14
1.160000e+00 7.997709e-29 1.986937e-09 2.138794e+14
1.170000e+00 7.214667e-29 1.595088e-09 1.716997e+14
1.180000e+00 6.411699e-29 1.252652e-09 1.348389e+14
1.190000e+00 5.652700e-29 9.708540e-10 1.045054e+14
1.200000e+00 5.001563e-29 7.535377e-10 8.111288e+13
1.210000e+00 4.522181e-29 5.988848e-10 6.446561e+13
1.220000e+00 4.278446e-29 5.017433e-10 5.400903e+13
1.230000e+00 4.314762e-29 4.540762e-10 4.887801e+13
1.240000e+00 4.595243e-29 4.422201e-10 4.760179e+13
1.250000e+00 5.063335e-29 4.558435e-10 4.906825e+13
1.260000e+00 5.662480e-29 4.885427e-10 5.258808e+13
1.270000e+00 6.336123e-29 5.357427e-10 5.766882e+13
1.280000e+00 7.027709e-29 5.929924e-10 6.383134e+13
1.290000e+00 7.680682e-29 6.547891e-10 7.048331e+13
1.300000e+00 8.238485e-29 7.140515e-10 7.686248e+13
1.310000e+00 8.647091e-29 7.625053e-10 8.207818e+13
1.320000e+00 8.894918e-29 7.950450e-10 8.558084e+13
1.330000e+00 9.005596e-29 8.104092e-10 8.723468e+13
1.340000e+00 9.003821e-29 8.090550e-10 8.708891e+13
1.350000e+00 8.914289e-29 7.933881e-10 8.540249e+13
1.360000e+00 8.761697e-29 7.676258e-10 8.262936e+13
1.370000e+00 8.570741e-29 7.372499e-10 7.935962e+13
1.380000e+00 8.366118e-29 7.081993e-10 7.623253e+13
1.390000e+00 8.172523e-29 6.860374e-10 7.384696e+13
1.400000e+00 8.013696e-29 6.751999e-10 7.268038e+13
1.410000e+00 7.897336e-29 6.773328e-10 7.290997e+13
1.420000e+00 7.817850e-29 6.912712e-10 7.441034e+13
1.430000e+00 7.769244e-29 7.139976e-10 7.685667e+13
1.440000e+00 7.745523e-29 7.408859e-10 7.975101e+13
1.450000e+00 7.740692e-29 7.662325e-10 8.247938e+13
1.460000e+00 7.748756e-29 7.840741e-10 8.439989e+13
1.470000e+00 7.763721e-29 7.891779e-10 8.494929e+13
1.480000e+00 7.779593e-29 7.779344e-10 8.373900e+13
1.490000e+00 7.790376e-29 7.489877e-10 8.062310e+13
1.500000e+00 7.791143e-29 7.035012e-10 7.572681e+13
1.510000e+00 7.781908e-29 6.451149e-10 6.944195e+13
1.520000e+00 7.764113e-29 5.787581e-10 6.229912e+13
1.530000e+00 7.739199e-29 5.095531e-10 5.484970e+13
1.540000e+00 7.708610e-29 4.419695e-10 4.757481e+13
1.550000e+00 7.673786e-29 3.793400e-10 4.083320e+13
1.560000e+00 7.636170e-29 3.236592e-10 3.483956e+13
1.570000e+00 7.597205e-29 2.757285e-10 2.968018e+13
1.580000e+00 7.558332e-29 2.354853e-10 2.534829e+13
1.590000e+00 7.520993e-29 2.023936e-10 2.178620e+13
1.600000e+00 7.486542e-29 1.757413e-10 1.891728e+13
1.610000e+00 7.455298e-29 1.548410e-10 1.666751e+13
1.620000e+00 7.426915e-29 1.391379e-10 1.497719e+13
1.630000e+00 7.401035e-29 1.281996e-10 1.379975e+13
1.640000e+00 7.377302e-29 1.216611e-10 1.309593e+13
1.650000e+00 7.355359e-29 1.191460e-10 1.282520e+13
1.660000e+00 7.334847e-29 1.202049e-10 1.293919e+13
1.670000e+00 7.315410e-29 1.242806e-10 1.337790e+13
1.680000e+00 7.296691e-29 1.307085e-10 1.406982e+13
1.690000e+00 7.278332e-29 1.387600e-10 1.493651e+13
1.700000e+00 7.259975e-29 1.477353e-10 1.590264e+13
1.710000e+00 7.241287e-29 1.571021e-10 1.691091e+13
1.720000e+00 7.222185e-29 1.666666e-10 1.794046e+13
1.730000e+00 7.202746e-29 1.767366e-10 1.902442e+13
1.740000e+00 7.183051e-29 1.882140e-10 2.025987e+13
1.750000e+00 7.163181e-29 2.025570e-10 2.180380e+13
1.760000e+00 7.143215e-29 2.215855e-10 2.385208e+13
1.770000e+00 7.123235e-29 2.471038e-10 2.659893e+13
1.780000e+00 7.103321e-29 2.803855e-10 3.018147e+13
1.790000e+00 7.083553e-29 3.216635e-10 3.462475e+13
1.800000e+00 7.064012e-29 3.697097e-10 3.979658e+13
1.810000e+00 7.044779e-29 4.216775e-10 4.539053e+13
1.820000e+00 7.025933e-29 4.732807e-10 5.094524e+13
1.830000e+00 7.007541e-29 5.193848e-10 5.590801e+13
1.840000e+00 6.989601e-29 5.548262e-10 5.972302e+13
1.850000e+00 6.972089e-29 5.754114e-10 6.193887e+13
1.860000e+00 6.954980e-29 5.788316e-10 6.230704e+13
1.870000e+00 6.938249e-29 5.652534e-10 6.084543e+13
1.880000e+00 6.921871e-29 5.374922e-10 5.785714e+13
1.890000e+00 6.905823e-29 5.006628e-10 5.389272e+13
1.900000e+00 6.890080e-29 4.613799e-10 4.966420e+13
1.910000e+00 6.874617e-29 4.266843e-10 4.592948e+13
1.920000e+00 6.859409e-29 4.028245e-10 4.336114e+13
1.930000e+00 6.844433e-29 3.941876e-10 4.243145e+13
1.940000e+00 6.829663e-29 4.025177e-10 4.332812e+13
1.950000e+00 6.815076e-29 4.265609e-10 4.591619e+13
1.960000e+00 6.800656e-29 4.622265e-10 4.975534e+13
1.970000e+00 6.786406e-29 5.032267e-10 5.416871e+13
1.980000e+00 6.772326e-29 5.421005e-10 5.835320e+13
1.990000e+00 6.758420e-29 5.714897e-10 6.151673e+13
2.000000e+00 6.744689e-29 5.853607e-10 6.300984e+13
2.010000e+00 6.731136e-29 5.799956e-10 6.243233e+13
2.020000e+00 6.717762e-29 5.545287e-10 5.969100e+13
2.030000e+00 6.704569e-29 5.109203e-10 5.499687e+13
2.040000e+00 6.691560e-29 4.534370e-10 4.880921e+13
2.050000e+00 6.678737e-29 3.877368e-10 4.173706e+13
2.060000e+00 6.666101e-29 3.198147e-10 3.442573e+13
2.070000e+00 6.653655e-29 2.550918e-10 2.745879e+13
2.080000e+00 6.641401e-29 1.976941e-10 2.128033e+13
2.090000e+00 6.629340e-29 1.501477e-10 1.616231e+13
2.100000e+00 6.617469e-29 1.133861e-10 1.220520e+13
2.110000e+00 6.605786e-29 8.702286e-11 9.367380e+12
2.120000e+00 6.594286e-29 6.971843e-11 7.504684e+12
2.130000e+00 6.582965e-29 5.961051e-11 6.416640e+12
2.140000e+00 6.571821e-29 5.466843e-11 5.884661e+12
2.150000e+00 6.560849e-29 5.295901e-11 5.700654e+12
2.160000e+00 6.550045e-29 5.283081e-11 5.686854e+12
2.170000e+00 6.539407e-29 5.301328e-11 5.706496e+12
2.180000e+00 6.528929e-29 5.265783e-11 5.668234e+12
2.190000e+00 6.518609e-29 5.133032e-11 5.525338e+12
2.200000e+00 6.508443e-29 4.896551e-11 5.270783e+12
2.210000e+00 6.498428e-29 4.578952e-11 4.928910e+12
2.220000e+00 6.488559e-29 4.222265e-11 4.544962e+12
2.230000e+00 6.478833e-29 3.877639e-11 4.173997e+12
2.240000e+00 6.469247e-29 3.596339e-11 3.871198e+12
2.250000e+00 6.459800e-29 3.422986e-11 3.684597e+12
2.260000e+00 6.450491e-29 3.392500e-11 3.651781e+12
2.270000e+00 6.441317e-29 3.530204e-11 3.800009e+12
2.280000e+00 6.432277e-29 3.854318e-11 4.148895e+12
2.290000e+00 6.423370e-29 4.379595e-11 4.714317e+12
2.300000e+00 6.414594e-29 5.120585e-11 5.511939e+12
2.310000e+00 6.405947e-29 6.093548e-11 6.559263e+12
2.320000e+00 6.397428e-29 7.317572e-11 7.876836e+12
2.330000e+00 6.389035e-29 8.813199e-11 9.486770e+12
2.340000e+00 6.380767e-29 1.060027e-10 1.141042e+13
2.350000e+00 6.372622e-29 1.269480e-10 1.366503e+13
2.360000e+00 6.364599e-29 1.510177e-10 1.625596e+13
2.370000e+00 6.356696e-29 1.780725e-10 1.916822e+13
2.380000e+00 6.348911e-29 2.076738e-10 2.235458e+13
2.390000e+00 6.341242e-29 2.389734e-10 2.572376e+13
2.400000e+00 6.333690e-29 2.706227e-10 2.913057e+13
2.410000e+00 6.326251e-29 3.007900e-10 3.237787e+13
2.420000e+00 6.318925e-29 3.272725e-10 3.522852e+13
2.430000e+00 6.311710e-29 3.477315e-10 3.743078e+13
2.440000e+00 6.304604e-29 3.600595e-10 3.875780e+13
2.450000e+00 6.297607e-29 3.627536e-10 3.904779e+13
2.460000e+00 6.290717e-29 3.552508e-10 3.824018e+13
2.470000e+00 6.283932e-29 3.381266e-10 3.639688e+13
2.480000e+00 6.277251e-29 3.130904e-10 3.370191e+13
2.490000e+00 6.270673e-29 2.827943e-10 3.044076e+13
2.500000e+00 6.264196e-29 2.504766e-10 2.696199e+13
2.510000e+00 6.257819e-29 2.195108e-10 2.362875e+13
2.520000e+00 6.251540e-29 1.929684e-10 2.077165e+13
2.530000e+00 6.245358e-29 1.732455e-10 1.864863e+13
2.540000e+00 6.239271e-29 1.617869e-10 1.741519e+13
2.550000e+00 6.233278e-29 1.589462e-10 1.710941e+13
2.560000e+00 6.227378e-29 1.639763e-10 1.765086e+13
2.570000e+00 6.221570e-29 1.751356e-10 1.885208e+13
2.580000e+00 6.215853e-29 1.899149e-10 2.044297e+13
2.590000e+00 6.210225e-29 2.053642e-10 2.210597e+13
2.600000e+00 6.204685e-29 2.184838e-10 2.351819e+13
2.610000e+00 6.199232e-29 2.266555e-10 2.439783e+13
2.620000e+00 6.193866e-29 2.280089e-10 2.454350e+13
2.630000e+00 6.188584e-29 2.216790e-10 2.386214e+13
2.640000e+00 6.183386e-29 2.078893e-10 2.237778e+13
2.650000e+00 6.178270e-29 1.878432e-10 2.021996e+13
2.660000e+00 6.173237e-29 1.634537e-10 1.759461e+13
2.670000e+00 6.168283e-29 1.369673e-10 1.474354e+13
2.680000e+00 6.163409e-29 1.105836e-10 1.190352e+13
2.690000e+00 6.158612e-29 8.614674e-11 9.273073e+12
2.700000e+00 6.153893e-29 6.494373e-11 6.990723e+12
2.710000e+00 6.149249e-29 4.764430e-11 5.128564e+12
2.720000e+00 6.144680e-29 3.437132e-11 3.699824e+12
2.730000e+00 6.140185e-29 2.482570e-11 2.672307e+12
2.740000e+00 6.135763e-29 1.845706e-11 1.986769e+12
2.750000e+00 6.131412e-29 1.461841e-11 1.573566e+12
2.760000e+00 6.127132e-29 1.268680e-11 1.365642e+12
2.770000e+00 6.122923e-29 1.213526e-11 1.306273e+12
2.780000e+00 6.118783e-29 1.256560e-11 1.352596e+12
2.790000e+00 6.114712e-29 1.370372e-11 1.475106e+12
2.800000e+00 6.110708e-29 1.537241e-11 1.654729e+12
2.810000e+00 6.106771e-29 1.745174e-11 1.878554e+12
2.820000e+00 6.102899e-29 1.983691e-11 2.135299e+12
2.830000e+00 6.099093e-29 2.240360e-11 2.411585e+12
2.840000e+00 6.095352e-29 2.498915e-11 2.689901e+12
2.850000e+00 6.091673e-29 2.739023e-11 2.948360e+12
2.860000e+00 6.088057e-29 2.938265e-11 3.162829e+12
2.870000e+00 6.084503e-29 3.075483e-11 3.310534e+12
2.880000e+00 6.081010e-29 3.134664e-11 3.374239e+12
2.890000e+00 6.077577e-29 3.108339e-11 3.345902e+12
2.900000e+00 6.074203e-29 2.999484e-11 3.228728e+12
2.910000e+00 6.070887e-29 2.821278e-11 3.036902e+12
2.920000e+00 6.067628e-29 2.595027e-11 2.793358e+12
2.930000e+00 6.064427e-29 2.346512e-11 2.525851e+12
2.940000e+00 6.061282e-29 2.102172e-11 2.262836e+12
2.950000e+00 6.058192e-29 1.885889e-11 2.030023e+12
2.960000e+00 6.055158e-29 1.716886e-11 1.848104e+12
2.970000e+00 6.052178e-29 1.609402e-11 1.732405e+12
2.980000e+00 6.049251e-29 1.573502e-11 1.693761e+12
2.990000e+00 6.046377e-29 1.616610e-11 1.740164e+12
3.000000e+00 6.043556e-29 1.745005e-11 1.878372e+12
