3.000000e-01 1.959789e-27 2.743160e-10 5.320978e+12
3.100000e-01 1.961321e-27 2.980593e-10 5.781533e+12
3.200000e-01 1.963881e-27 3.203536e-10 6.213982e+12
3.300000e-01 1.965919e-27 3.403033e-10 6.600952e+12
3.400000e-01 1.967511e-27 3.569432e-10 6.923720e+12
3.500000e-01 1.969299e-27 3.691986e-10 7.161442e+12
3.600000e-01 1.971684e-27 3.759431e-10 7.292267e+12
3.700000e-01 1.974908e-27 3.762743e-10 7.298690e+12
3.800000e-01 1.979423e-27 3.698478e-10 7.174034e+12
3.900000e-01 1.986043e-27 3.570863e-10 6.926496e+12
4.000000e-01 1.995554e-27 3.391359e-10 6.578308e+12
4.100000e-01 2.008194e-27 3.176623e-10 6.161778e+12
4.200000e-01 2.023923e-27 2.946823e-10 5.716029e+12
4.300000e-01 2.042578e-27 2.722951e-10 5.281779e+12
4.400000e-01 2.063589e-27 2.523430e-10 4.894763e+12
4.500000e-01 2.086293e-27 2.362171e-10 4.581965e+12
4.600000e-01 2.109071e-27 2.246258e-10 4.357125e+12
4.700000e-01 2.127875e-27 2.174611e-10 4.218149e+12
4.800000e-01 2.138273e-27 2.141450e-10 4.153827e+12
4.900000e-01 2.140037e-27 2.142705e-10 4.156260e+12
5.000000e-01 2.147021e-27 2.188935e-10 4.245934e+12
5.100000e-01 2.176028e-27 2.299259e-10 4.459932e+12
5.200000e-01 2.230077e-27 2.488732e-10 4.827459e+12
5.300000e-01 2.285470e-27 2.753027e-10 5.340119e+12
5.400000e-01 2.356687e-27 3.140900e-10 6.092486e+12
5.500000e-01 2.386846e-27 3.611706e-10 7.005720e+12
5.600000e-01 2.403360e-27 4.227005e-10 8.199233e+12
5.700000e-01 2.403432e-27 4.999686e-10 9.698021e+12
5.800000e-01 2.395998e-27 5.948278e-10 1.153803e+13
5.900000e-01 2.389843e-27 7.079959e-10 1.373318e+13
6.000000e-01 2.388913e-27 8.376312e-10 1.624775e+13
6.100000e-01 2.391410e-27 9.780709e-10 1.897190e+13
6.200000e-01 2.395207e-27 1.121282e-09 2.174980e+13
6.300000e-01 2.398201e-27 1.258017e-09 2.440209e+13
6.400000e-01 2.399382e-27 1.380048e-09 2.676915e+13
6.500000e-01 2.399179e-27 1.482435e-09 2.875517e+13
6.600000e-01 2.398122e-27 1.564326e-09 3.034363e+13
6.700000e-01 2.396740e-27 1.629436e-09 3.160659e+13
6.800000e-01 2.395431e-27 1.685499e-09 3.269407e+13
6.900000e-01 2.394171e-27 1.742669e-09 3.380300e+13
7.000000e-01 2.392854e-27 1.811748e-09 3.514295e+13
7.100000e-01 2.391373e-27 1.902118e-09 3.689588e+13
7.200000e-01 2.389622e-27 2.019994e-09 3.918234e+13
7.300000e-01 2.387563e-27 2.167524e-09 4.204403e+13
7.400000e-01 2.385229e-27 2.342896e-09 4.544576e+13
7.500000e-01 2.382657e-27 2.541306e-09 4.929438e+13
7.600000e-01 2.379886e-27 2.756600e-09 5.347049e+13
7.700000e-01 2.376951e-27 2.983037e-09 5.786274e+13
7.800000e-01 2.373869e-27 3.216632e-09 6.239384e+13
7.900000e-01 2.370640e-27 3.455766e-09 6.703239e+13
8.000000e-01 2.367259e-27 3.700875e-09 7.178684e+13
8.100000e-01 2.363725e-27 3.953396e-09 7.668506e+13
8.200000e-01 2.360034e-27 4.214289e-09 8.174567e+13
8.300000e-01 2.356190e-27 4.482681e-09 8.695174e+13
8.400000e-01 2.352205e-27 4.755036e-09 9.223467e+13
8.500000e-01 2.348095e-27 5.025074e-09 9.747267e+13
8.600000e-01 2.343873e-27 5.284504e-09 1.025049e+14
8.700000e-01 2.339555e-27 5.524331e-09 1.071569e+14
8.800000e-01 2.335154e-27 5.736383e-09 1.112701e+14
8.900000e-01 2.330676e-27 5.914662e-09 1.147282e+14
9.000000e-01 2.326120e-27 6.056236e-09 1.174744e+14
9.100000e-01 2.321485e-27 6.161516e-09 1.195165e+14
9.200000e-01 2.316769e-27 6.233868e-09 1.209200e+14
9.300000e-01 2.311972e-27 6.278688e-09 1.217893e+14
9.400000e-01 2.307093e-27 6.302143e-09 1.222443e+14
9.500000e-01 2.302135e-27 6.309852e-09 1.223939e+14
9.600000e-01 2.297101e-27 6.305716e-09 1.223136e+14
9.700000e-01 2.291998e-27 6.291153e-09 1.220311e+14
9.800000e-01 2.286830e-27 6.264882e-09 1.215216e+14
9.900000e-01 2.281604e-27 6.223292e-09 1.207148e+14
1.000000e+00 2.276323e-27 6.161320e-09 1.195127e+14
1.010000e+00 2.270993e-27 6.073642e-09 1.178120e+14
1.020000e+00 2.265618e-27 5.955877e-09 1.155277e+14
1.030000e+00 2.260202e-27 5.805594e-09 1.126126e+14
1.040000e+00 2.254747e-27 5.622817e-09 1.090672e+14
1.050000e+00 2.249259e-27 5.409973e-09 1.049386e+14
1.060000e+00 2.243740e-27 5.171364e-09 1.003103e+14
1.070000e+00 2.238195e-27 4.912416e-09 9.528741e+13
1.080000e+00 2.232625e-27 4.638679e-09 8.997767e+13
1.090000e+00 2.227033e-27 4.355080e-09 8.447661e+13
1.100000e+00 2.221420e-27 4.065648e-09 7.886243e+13
1.110000e+00 2.215786e-27 3.773285e-09 7.319140e+13
1.120000e+00 2.210132e-27 3.480121e-09 6.750481e+13
1.130000e+00 2.204459e-27 3.187920e-09 6.183691e+13
1.140000e+00 2.198769e-27 2.898673e-09 5.622631e+13
1.150000e+00 2.193063e-27 2.614782e-09 5.071960e+13
1.160000e+00 2.187341e-27 2.339405e-09 4.537805e+13
1.170000e+00 2.181606e-27 2.076419e-09 4.027684e+13
1.180000e+00 2.175859e-27 1.830031e-09 3.549758e+13
1.190000e+00 2.170102e-27 1.604533e-09 3.112354e+13
1.200000e+00 2.164336e-27 1.403765e-09 2.722920e+13
1.210000e+00 2.158564e-27 1.230639e-09 2.387103e+13
1.220000e+00 2.152787e-27 1.086844e-09 2.108179e+13
1.230000e+00 2.147006e-27 9.726925e-10 1.886757e+13
1.240000e+00 2.141223e-27 8.870789e-10 1.720690e+13
1.250000e+00 2.135438e-27 8.276308e-10 1.605377e+13
1.260000e+00 2.129654e-27 7.909980e-10 1.534319e+13
1.270000e+00 2.123871e-27 7.730920e-10 1.499587e+13
1.280000e+00 2.118090e-27 7.693965e-10 1.492418e+13
1.290000e+00 2.112312e-27 7.752295e-10 1.503733e+13
1.300000e+00 2.106539e-27 7.859995e-10 1.524624e+13
1.310000e+00 2.100772e-27 7.974845e-10 1.546901e+13
1.320000e+00 2.095011e-27 8.061327e-10 1.563677e+13
1.330000e+00 2.089256e-27 8.093830e-10 1.569981e+13
1.340000e+00 2.083508e-27 8.059661e-10 1.563354e+13
1.350000e+00 2.077765e-27 7.960970e-10 1.544210e+13
1.360000e+00 2.072029e-27 7.814977e-10 1.515891e+13
1.370000e+00 2.066300e-27 7.651738e-10 1.484228e+13
1.380000e+00 2.060576e-27 7.509147e-10 1.456569e+13
1.390000e+00 2.054859e-27 7.425815e-10 1.440405e+13
1.400000e+00 2.049148e-27 7.432642e-10 1.441729e+13
1.410000e+00 2.043444e-27 7.544921e-10 1.463508e+13
1.420000e+00 2.037749e-27 7.756792e-10 1.504605e+13
1.430000e+00 2.032063e-27 8.039437e-10 1.559431e+13
1.440000e+00 2.026389e-27 8.344377e-10 1.618580e+13
1.450000e+00 2.020728e-27 8.611108e-10 1.670319e+13
1.460000e+00 2.015081e-27 8.777846e-10 1.702662e+13
1.470000e+00 2.009449e-27 8.793311e-10 1.705661e+13
1.480000e+00 2.003834e-27 8.626177e-10 1.673242e+13
1.490000e+00 1.998238e-27 8.270541e-10 1.604258e+13
1.500000e+00 1.992661e-27 7.745824e-10 1.502478e+13
1.510000e+00 1.987104e-27 7.091565e-10 1.375569e+13
1.520000e+00 1.981566e-27 6.358934e-10 1.233459e+13
1.530000e+00 1.976047e-27 5.600943e-10 1.086430e+13
1.540000e+00 1.970546e-27 4.863773e-10 9.434387e+12
1.550000e+00 1.965064e-27 4.181826e-10 8.111598e+12
1.560000e+00 1.959598e-27 3.575607e-10 6.935698e+12
1.570000e+00 1.954150e-27 3.053207e-10 5.922385e+12
1.580000e+00 1.948719e-27 2.613711e-10 5.069884e+12
1.590000e+00 1.943305e-27 2.251298e-10 4.366901e+12
1.600000e+00 1.937906e-27 1.958375e-10 3.798711e+12
1.610000e+00 1.932524e-27 1.727891e-10 3.351635e+12
1.620000e+00 1.927158e-27 1.554264e-10 3.014847e+12
1.630000e+00 1.921810e-27 1.433095e-10 2.779811e+12
1.640000e+00 1.916478e-27 1.360593e-10 2.639178e+12
1.650000e+00 1.911164e-27 1.332735e-10 2.585142e+12
1.660000e+00 1.905868e-27 1.344605e-10 2.608165e+12
1.670000e+00 1.900591e-27 1.390028e-10 2.696274e+12
1.680000e+00 1.895332e-27 1.461617e-10 2.835137e+12
1.690000e+00 1.890093e-27 1.551265e-10 3.009030e+12
1.700000e+00 1.884872e-27 1.651208e-10 3.202891e+12
1.710000e+00 1.879672e-27 1.755573e-10 3.405330e+12
1.720000e+00 1.874492e-27 1.862233e-10 3.612222e+12
1.730000e+00 1.869331e-27 1.974627e-10 3.830236e+12
1.740000e+00 1.864191e-27 2.102828e-10 4.078910e+12
1.750000e+00 1.859070e-27 2.263121e-10 4.389834e+12
1.760000e+00 1.853970e-27 2.475830e-10 4.802432e+12
1.770000e+00 1.848890e-27 2.761110e-10 5.355796e+12
1.780000e+00 1.843830e-27 3.133181e-10 6.077513e+12
1.790000e+00 1.838791e-27 3.594623e-10 6.972584e+12
1.800000e+00 1.833771e-27 4.131664e-10 8.014297e+12
1.810000e+00 1.828772e-27 4.712411e-10 9.140787e+12
1.820000e+00 1.823794e-27 5.288847e-10 1.025891e+13
1.830000e+00 1.818836e-27 5.803467e-10 1.125714e+13
1.840000e+00 1.813898e-27 6.198517e-10 1.202343e+13
1.850000e+00 1.808981e-27 6.427172e-10 1.246695e+13
1.860000e+00 1.804084e-27 6.463735e-10 1.253788e+13
1.870000e+00 1.799207e-27 6.310227e-10 1.224011e+13
1.880000e+00 1.794351e-27 5.998277e-10 1.163501e+13
1.890000e+00 1.789516e-27 5.585162e-10 1.083368e+13
1.900000e+00 1.784700e-27 5.144819e-10 9.979540e+12
1.910000e+00 1.779905e-27 4.755822e-10 9.224991e+12
1.920000e+00 1.775131e-27 4.487764e-10 8.705033e+12
1.930000e+00 1.770377e-27 4.389365e-10 8.514166e+12
1.940000e+00 1.765643e-27 4.479805e-10 8.689595e+12
1.950000e+00 1.760930e-27 4.744855e-10 9.203718e+12
1.960000e+00 1.756237e-27 5.138751e-10 9.967770e+12
1.970000e+00 1.751564e-27 5.591398e-10 1.084578e+13
1.980000e+00 1.746912e-27 6.019818e-10 1.167680e+13
1.990000e+00 1.742280e-27 6.342369e-10 1.230246e+13
2.000000e+00 1.737667e-27 6.492302e-10 1.259329e+13
2.010000e+00 1.733075e-27 6.428716e-10 1.246995e+13
2.020000e+00 1.728503e-27 6.142429e-10 1.191463e+13
2.030000e+00 1.723951e-27 5.655588e-10 1.097029e+13
2.040000e+00 1.719419e-27 5.015819e-10 9.729314e+12
2.050000e+00 1.714907e-27 4.286015e-10 8.313695e+12
2.060000e+00 1.710415e-27 3.532632e-10 6.852338e+12
2.070000e+00 1.705942e-27 2.815600e-10 5.461493e+12
2.080000e+00 1.701489e-27 2.180387e-10 4.229353e+12
2.090000e+00 1.697056e-27 1.654684e-10 3.209633e+12
2.100000e+00 1.692642e-27 1.248543e-10 2.421832e+12
2.110000e+00 1.688248e-27 9.574488e-11 1.857188e+12
2.120000e+00 1.683874e-27 7.664075e-11 1.486621e+12
2.130000e+00 1.679518e-27 6.547214e-11 1.269980e+12
2.140000e+00 1.675183e-27 5.999065e-11 1.163654e+12
2.150000e+00 1.670867e-27 5.806201e-11 1.126244e+12
2.160000e+00 1.666570e-27 5.786779e-11 1.122477e+12
2.170000e+00 1.662292e-27 5.801284e-11 1.125290e+12
2.180000e+00 1.658034e-27 5.756848e-11 1.116671e+12
2.190000e+00 1.653794e-27 5.606232e-11 1.087455e+12
2.200000e+00 1.649574e-27 5.342635e-11 1.036325e+12
2.210000e+00 1.645373e-27 4.991059e-11 9.681287e+11
2.220000e+00 1.641192e-27 4.597555e-11 8.917998e+11
2.230000e+00 1.637029e-27 4.217910e-11 8.181591e+11
2.240000e+00 1.632885e-27 3.907805e-11 7.580071e+11
2.250000e+00 1.628760e-27 3.715468e-11 7.206991e+11
2.260000e+00 1.624654e-27 3.678395e-11 7.135078e+11
2.270000e+00 1.620566e-27 3.823510e-11 7.416563e+11
2.280000e+00 1.616497e-27 4.169924e-11 8.088511e+11
2.290000e+00 1.612446e-27 4.732894e-11 9.180518e+11
2.300000e+00 1.608414e-27 5.527374e-11 1.072159e+12
2.310000e+00 1.604401e-27 6.570073e-11 1.274414e+12
2.320000e+00 1.600405e-27 7.880649e-11 1.528630e+12
2.330000e+00 1.596428e-27 9.480211e-11 1.838901e+12
2.340000e+00 1.592469e-27 1.138899e-10 2.209152e+12
2.350000e+00 1.588527e-27 1.362300e-10 2.642489e+12
2.360000e+00 1.584604e-27 1.618632e-10 3.139702e+12
2.370000e+00 1.580698e-27 1.906272e-10 3.697646e+12
2.380000e+00 1.576810e-27 2.220406e-10 4.306980e+12
2.390000e+00 1.572940e-27 2.551867e-10 4.949922e+12
2.400000e+00 1.569088e-27 2.886191e-10 5.598420e+12
2.410000e+00 1.565252e-27 3.203847e-10 6.214586e+12
2.420000e+00 1.561435e-27 3.481454e-10 6.753066e+12
2.430000e+00 1.557634e-27 3.694306e-10 7.165942e+12
2.440000e+00 1.553851e-27 3.820289e-10 7.410314e+12
2.450000e+00 1.550085e-27 3.843811e-10 7.455941e+12
2.460000e+00 1.546336e-27 3.759320e-10 7.292050e+12
2.470000e+00 1.542604e-27 3.573327e-10 6.931275e+12
2.480000e+00 1.538889e-27 3.304288e-10 6.409414e+12
2.490000e+00 1.535191e-27 2.980502e-10 5.781357e+12
2.500000e+00 1.531510e-27 2.636283e-10 5.113667e+12
2.510000e+00 1.527845e-27 2.307187e-10 4.475310e+12
2.520000e+00 1.524197e-27 2.025400e-10 3.928721e+12
2.530000e+00 1.520566e-27 1.815852e-10 3.522255e+12
2.540000e+00 1.516951e-27 1.693369e-10 3.284671e+12
2.550000e+00 1.513353e-27 1.661286e-10 3.222439e+12
2.560000e+00 1.509770e-27 1.711422e-10 3.319690e+12
2.570000e+00 1.506205e-27 1.825277e-10 3.540538e+12
2.580000e+00 1.502655e-27 1.976460e-10 3.833791e+12
2.590000e+00 1.499121e-27 2.134149e-10 4.139664e+12
2.600000e+00 1.495604e-27 2.267182e-10 4.397713e+12
2.610000e+00 1.492102e-27 2.348537e-10 4.555519e+12
2.620000e+00 1.488617e-27 2.359083e-10 4.575975e+12
2.630000e+00 1.485147e-27 2.290198e-10 4.442358e+12
2.640000e+00 1.481693e-27 2.144541e-10 4.159822e+12
2.650000e+00 1.478254e-27 1.934853e-10 3.753085e+12
2.660000e+00 1.474831e-27 1.681104e-10 3.260881e+12
2.670000e+00 1.471424e-27 1.406568e-10 2.728357e+12
2.680000e+00 1.468032e-27 1.133902e-10 2.199460e+12
2.690000e+00 1.464655e-27 8.819863e-11 1.710812e+12
2.700000e+00 1.461294e-27 6.638887e-11 1.287762e+12
2.710000e+00 1.457948e-27 4.862966e-11 9.432821e+11
2.720000e+00 1.454616e-27 3.502804e-11 6.794480e+11
2.730000e+00 1.451300e-27 2.526085e-11 4.899912e+11
2.740000e+00 1.447999e-27 1.875136e-11 3.637250e+11
2.750000e+00 1.444713e-27 1.482831e-11 2.876287e+11
2.760000e+00 1.441442e-27 1.284879e-11 2.492314e+11
2.770000e+00 1.438185e-27 1.227088e-11 2.380214e+11
2.780000e+00 1.434943e-27 1.268596e-11 2.460729e+11
2.790000e+00 1.431716e-27 1.381305e-11 2.679354e+11
2.800000e+00 1.428503e-27 1.547042e-11 3.000837e+11
2.810000e+00 1.425304e-27 1.753497e-11 3.401305e+11
2.820000e+00 1.422120e-27 1.989960e-11 3.859977e+11
2.830000e+00 1.418950e-27 2.243830e-11 4.352415e+11
2.840000e+00 1.415794e-27 2.498752e-11 4.846895e+11
2.850000e+00 1.412652e-27 2.734417e-11 5.304020e+11
2.860000e+00 1.409524e-27 2.928567e-11 5.680618e+11
2.870000e+00 1.406410e-27 3.060347e-11 5.936234e+11
2.880000e+00 1.403310e-27 3.114149e-11 6.040596e+11
2.890000e+00 1.400224e-27 3.082946e-11 5.980071e+11
2.900000e+00 1.397151e-27 2.970101e-11 5.761183e+11
2.910000e+00 1.394093e-27 2.789047e-11 5.409987e+11
2.920000e+00 1.391047e-27 2.561151e-11 4.967930e+11
2.930000e+00 1.388015e-27 2.312053e-11 4.484749e+11
2.940000e+00 1.384997e-27 2.067868e-11 4.011098e+11
2.950000e+00 1.381991e-27 1.852034e-11 3.592438e+11
2.960000e+00 1.378999e-27 1.683258e-11 3.265059e+11
2.970000e+00 1.376021e-27 1.575246e-11 3.055545e+11
2.980000e+00 1.373055e-27 1.537532e-11 2.982390e+11
2.990000e+00 1.370103e-27 1.577007e-11 3.058962e+11
3.000000e+00 1.367164e-27 1.699398e-11 3.296366e+11
