3.000000e-01 2.027847e-28 2.838422e-11 5.505762e+11
3.100000e-01 2.001610e-28 3.041819e-11 5.900295e+11
3.200000e-01 1.975652e-28 3.222736e-11 6.251226e+11
3.300000e-01 1.950073e-28 3.375604e-11 6.547747e+11
3.400000e-01 1.924884e-28 3.492098e-11 6.773714e+11
3.500000e-01 1.900062e-28 3.562182e-11 6.909658e+11
3.600000e-01 1.875609e-28 3.576245e-11 6.936936e+11
3.700000e-01 1.851546e-28 3.527703e-11 6.842777e+11
3.800000e-01 1.827888e-28 3.415341e-11 6.624825e+11
3.900000e-01 1.804650e-28 3.244722e-11 6.293873e+11
4.000000e-01 1.781842e-28 3.028165e-11 5.873811e+11
4.100000e-01 1.759480e-28 2.783200e-11 5.398645e+11
4.200000e-01 1.737581e-28 2.529910e-11 4.907332e+11
4.300000e-01 1.716150e-28 2.287791e-11 4.437688e+11
4.400000e-01 1.695158e-28 2.072899e-11 4.020857e+11
4.500000e-01 1.674566e-28 1.896001e-11 3.677722e+11
4.600000e-01 1.654352e-28 1.761961e-11 3.417722e+11
4.700000e-01 1.634527e-28 1.670427e-11 3.240172e+11
4.800000e-01 1.615109e-28 1.617509e-11 3.137524e+11
4.900000e-01 1.596110e-28 1.598099e-11 3.099875e+11
5.000000e-01 1.577519e-28 1.608315e-11 3.119691e+11
5.100000e-01 1.559323e-28 1.647629e-11 3.195948e+11
5.200000e-01 1.541506e-28 1.720297e-11 3.336905e+11
5.300000e-01 1.524059e-28 1.835848e-11 3.561042e+11
5.400000e-01 1.506975e-28 2.008437e-11 3.895818e+11
5.500000e-01 1.490248e-28 2.255000e-11 4.374083e+11
5.600000e-01 1.473871e-28 2.592229e-11 5.028214e+11
5.700000e-01 1.457836e-28 3.032631e-11 5.882474e+11
5.800000e-01 1.442138e-28 3.580235e-11 6.944675e+11
5.900000e-01 1.426769e-28 4.226831e-11 8.198893e+11
6.000000e-01 1.411721e-28 4.949958e-11 9.601563e+11
6.100000e-01 1.396988e-28 5.713590e-11 1.108280e+12
6.200000e-01 1.382562e-28 6.472265e-11 1.255442e+12
6.300000e-01 1.368433e-28 7.178348e-11 1.392403e+12
6.400000e-01 1.354595e-28 7.791199e-11 1.511279e+12
6.500000e-01 1.341042e-28 8.286198e-11 1.607295e+12
6.600000e-01 1.327767e-28 8.661195e-11 1.680035e+12
6.700000e-01 1.314765e-28 8.938496e-11 1.733823e+12
6.800000e-01 1.302029e-28 9.161476e-11 1.777075e+12
6.900000e-01 1.289553e-28 9.386393e-11 1.820703e+12
7.000000e-01 1.277331e-28 9.671301e-11 1.875968e+12
7.100000e-01 1.265357e-28 1.006476e-10 1.952287e+12
7.200000e-01 1.253625e-28 1.059713e-10 2.055554e+12
7.300000e-01 1.242129e-28 1.127654e-10 2.187339e+12
7.400000e-01 1.230861e-28 1.209016e-10 2.345159e+12
7.500000e-01 1.219814e-28 1.301035e-10 2.523651e+12
7.600000e-01 1.208980e-28 1.400351e-10 2.716297e+12
7.700000e-01 1.198352e-28 1.503914e-10 2.917181e+12
7.800000e-01 1.187929e-28 1.609663e-10 3.122305e+12
7.900000e-01 1.177713e-28 1.716794e-10 3.330110e+12
8.000000e-01 1.167708e-28 1.825546e-10 3.541058e+12
8.100000e-01 1.157916e-28 1.936647e-10 3.756564e+12
8.200000e-01 1.148341e-28 2.050581e-10 3.977566e+12
8.300000e-01 1.138976e-28 2.166916e-10 4.203223e+12
8.400000e-01 1.129792e-28 2.283899e-10 4.430138e+12
8.500000e-01 1.120757e-28 2.398492e-10 4.652418e+12
8.600000e-01 1.111842e-28 2.506762e-10 4.862431e+12
8.700000e-01 1.103014e-28 2.604519e-10 5.052054e+12
8.800000e-01 1.094248e-28 2.688057e-10 5.214094e+12
8.900000e-01 1.085581e-28 2.754927e-10 5.343804e+12
9.000000e-01 1.077099e-28 2.804311e-10 5.439594e+12
9.100000e-01 1.068889e-28 2.836968e-10 5.502940e+12
9.200000e-01 1.061041e-28 2.855005e-10 5.537927e+12
9.300000e-01 1.053641e-28 2.861401e-10 5.550334e+12
9.400000e-01 1.046764e-28 2.859381e-10 5.546416e+12
9.500000e-01 1.040279e-28 2.851270e-10 5.530682e+12
9.600000e-01 1.033877e-28 2.838071e-10 5.505080e+12
9.700000e-01 1.027247e-28 2.819622e-10 5.469295e+12
9.800000e-01 1.020076e-28 2.794548e-10 5.420658e+12
9.900000e-01 1.012053e-28 2.760471e-10 5.354558e+12
1.000000e+00 1.002865e-28 2.714453e-10 5.265296e+12
1.010000e+00 9.925201e-29 2.654438e-10 5.148883e+12
1.020000e+00 9.819093e-29 2.581252e-10 5.006921e+12
1.030000e+00 9.720760e-29 2.496892e-10 4.843286e+12
1.040000e+00 9.640636e-29 2.404151e-10 4.663394e+12
1.050000e+00 9.589152e-29 2.306406e-10 4.473796e+12
1.060000e+00 9.576742e-29 2.207244e-10 4.281448e+12
1.070000e+00 9.613743e-29 2.110036e-10 4.092891e+12
1.080000e+00 9.696589e-29 2.014640e-10 3.907850e+12
1.090000e+00 9.793367e-29 1.915144e-10 3.714854e+12
1.100000e+00 9.868713e-29 1.806174e-10 3.503483e+12
1.110000e+00 9.887262e-29 1.683713e-10 3.265941e+12
1.120000e+00 9.813651e-29 1.545279e-10 2.997417e+12
1.130000e+00 9.612515e-29 1.390088e-10 2.696390e+12
1.140000e+00 9.248489e-29 1.219243e-10 2.364998e+12
1.150000e+00 8.696934e-29 1.036933e-10 2.011366e+12
1.160000e+00 7.997709e-29 8.553712e-11 1.659186e+12
1.170000e+00 7.214667e-29 6.866810e-11 1.331973e+12
1.180000e+00 6.411699e-29 5.392632e-11 1.046023e+12
1.190000e+00 5.652700e-29 4.179501e-11 8.107086e+11
1.200000e+00 5.001563e-29 3.243960e-11 6.292393e+11
1.210000e+00 4.522181e-29 2.578183e-11 5.000969e+11
1.220000e+00 4.278446e-29 2.159991e-11 4.189792e+11
1.230000e+00 4.314762e-29 1.954786e-11 3.791749e+11
1.240000e+00 4.595243e-29 1.903746e-11 3.692745e+11
1.250000e+00 5.063335e-29 1.962394e-11 3.806507e+11
1.260000e+00 5.662480e-29 2.103163e-11 4.079560e+11
1.270000e+00 6.336123e-29 2.306358e-11 4.473702e+11
1.280000e+00 7.027709e-29 2.552816e-11 4.951764e+11
1.290000e+00 7.680682e-29 2.818850e-11 5.467796e+11
1.300000e+00 8.238485e-29 3.073973e-11 5.962665e+11
1.310000e+00 8.647091e-29 3.282565e-11 6.367277e+11
1.320000e+00 8.894918e-29 3.422647e-11 6.638998e+11
1.330000e+00 9.005596e-29 3.488790e-11 6.767297e+11
1.340000e+00 9.003821e-29 3.482960e-11 6.755988e+11
1.350000e+00 8.914289e-29 3.415515e-11 6.625163e+11
1.360000e+00 8.761697e-29 3.304609e-11 6.410035e+11
1.370000e+00 8.570741e-29 3.173841e-11 6.156383e+11
1.380000e+00 8.366118e-29 3.048779e-11 5.913796e+11
1.390000e+00 8.172523e-29 2.953373e-11 5.728734e+11
1.400000e+00 8.013696e-29 2.906717e-11 5.638235e+11
1.410000e+00 7.897336e-29 2.915900e-11 5.656047e+11
1.420000e+00 7.817850e-29 2.975904e-11 5.772438e+11
1.430000e+00 7.769244e-29 3.073741e-11 5.962215e+11
1.440000e+00 7.745523e-29 3.189494e-11 6.186745e+11
1.450000e+00 7.740692e-29 3.298610e-11 6.398400e+11
1.460000e+00 7.748756e-29 3.375418e-11 6.547386e+11
1.470000e+00 7.763721e-29 3.397390e-11 6.590006e+11
1.480000e+00 7.779593e-29 3.348987e-11 6.496117e+11
1.490000e+00 7.790376e-29 3.224372e-11 6.254398e+11
1.500000e+00 7.791143e-29 3.028554e-11 5.874565e+11
1.510000e+00 7.781908e-29 2.777202e-11 5.387012e+11
1.520000e+00 7.764113e-29 2.491538e-11 4.832901e+11
1.530000e+00 7.739199e-29 2.193612e-11 4.255007e+11
1.540000e+00 7.708610e-29 1.902667e-11 3.690652e+11
1.550000e+00 7.673786e-29 1.633049e-11 3.167667e+11
1.560000e+00 7.636170e-29 1.393344e-11 2.702706e+11
1.570000e+00 7.597205e-29 1.187004e-11 2.302462e+11
1.580000e+00 7.558332e-29 1.013758e-11 1.966413e+11
1.590000e+00 7.520993e-29 8.712990e-12 1.690081e+11
1.600000e+00 7.486542e-29 7.565617e-12 1.467522e+11
1.610000e+00 7.455298e-29 6.665864e-12 1.292995e+11
1.620000e+00 7.426915e-29 5.989849e-12 1.161867e+11
1.630000e+00 7.401035e-29 5.518957e-12 1.070526e+11
1.640000e+00 7.377302e-29 5.237476e-12 1.015927e+11
1.650000e+00 7.355359e-29 5.129202e-12 9.949246e+10
1.660000e+00 7.334847e-29 5.174790e-12 1.003768e+11
1.670000e+00 7.315410e-29 5.350245e-12 1.037801e+11
1.680000e+00 7.296691e-29 5.626964e-12 1.091477e+11
1.690000e+00 7.278332e-29 5.973583e-12 1.158711e+11
1.700000e+00 7.259975e-29 6.359967e-12 1.233659e+11
1.710000e+00 7.241287e-29 6.763205e-12 1.311876e+11
1.720000e+00 7.222185e-29 7.174954e-12 1.391745e+11
1.730000e+00 7.202746e-29 7.608464e-12 1.475834e+11
1.740000e+00 7.183051e-29 8.102562e-12 1.571675e+11
1.750000e+00 7.163181e-29 8.720026e-12 1.691446e+11
1.760000e+00 7.143215e-29 9.539197e-12 1.850343e+11
1.770000e+00 7.123235e-29 1.063775e-11 2.063432e+11
1.780000e+00 7.103321e-29 1.207052e-11 2.341350e+11
1.790000e+00 7.083553e-29 1.384753e-11 2.686041e+11
1.800000e+00 7.064012e-29 1.591590e-11 3.087250e+11
1.810000e+00 7.044779e-29 1.815310e-11 3.521205e+11
1.820000e+00 7.025933e-29 2.037461e-11 3.952115e+11
1.830000e+00 7.007541e-29 2.235938e-11 4.337107e+11
1.840000e+00 6.989601e-29 2.388512e-11 4.633059e+11
1.850000e+00 6.972089e-29 2.477131e-11 4.804955e+11
1.860000e+00 6.954980e-29 2.491855e-11 4.833515e+11
1.870000e+00 6.938249e-29 2.433401e-11 4.720131e+11
1.880000e+00 6.921871e-29 2.313889e-11 4.488312e+11
1.890000e+00 6.905823e-29 2.155340e-11 4.180769e+11
1.900000e+00 6.890080e-29 1.986228e-11 3.852738e+11
1.910000e+00 6.874617e-29 1.836865e-11 3.563014e+11
1.920000e+00 6.859409e-29 1.734149e-11 3.363773e+11
1.930000e+00 6.844433e-29 1.696967e-11 3.291652e+11
1.940000e+00 6.829663e-29 1.732828e-11 3.361212e+11
1.950000e+00 6.815076e-29 1.836333e-11 3.561984e+11
1.960000e+00 6.800656e-29 1.989873e-11 3.859808e+11
1.970000e+00 6.786406e-29 2.166378e-11 4.202179e+11
1.980000e+00 6.772326e-29 2.333728e-11 4.526794e+11
1.990000e+00 6.758420e-29 2.460248e-11 4.772207e+11
2.000000e+00 6.744689e-29 2.519962e-11 4.888036e+11
2.010000e+00 6.731136e-29 2.496866e-11 4.843235e+11
2.020000e+00 6.717762e-29 2.387231e-11 4.630575e+11
2.030000e+00 6.704569e-29 2.199498e-11 4.266424e+11
2.040000e+00 6.691560e-29 1.952034e-11 3.786412e+11
2.050000e+00 6.678737e-29 1.669196e-11 3.237784e+11
2.060000e+00 6.666101e-29 1.376794e-11 2.670602e+11
2.070000e+00 6.653655e-29 1.098163e-11 2.130136e+11
2.080000e+00 6.641401e-29 8.510676e-12 1.650838e+11
2.090000e+00 6.629340e-29 6.463818e-12 1.253804e+11
2.100000e+00 6.617469e-29 4.881242e-12 9.468273e+10
2.110000e+00 6.605786e-29 3.746311e-12 7.266816e+10
2.120000e+00 6.594286e-29 3.001360e-12 5.821816e+10
2.130000e+00 6.582965e-29 2.566216e-12 4.977757e+10
2.140000e+00 6.571821e-29 2.353461e-12 4.565070e+10
2.150000e+00 6.560849e-29 2.279871e-12 4.422325e+10
2.160000e+00 6.550045e-29 2.274352e-12 4.411620e+10
2.170000e+00 6.539407e-29 2.282208e-12 4.426857e+10
2.180000e+00 6.528929e-29 2.266905e-12 4.397175e+10
2.190000e+00 6.518609e-29 2.209757e-12 4.286323e+10
2.200000e+00 6.508443e-29 2.107952e-12 4.088849e+10
2.210000e+00 6.498428e-29 1.971226e-12 3.823639e+10
2.220000e+00 6.488559e-29 1.817674e-12 3.525789e+10
2.230000e+00 6.478833e-29 1.669313e-12 3.238010e+10
2.240000e+00 6.469247e-29 1.548214e-12 3.003111e+10
2.250000e+00 6.459800e-29 1.473586e-12 2.858354e+10
2.260000e+00 6.450491e-29 1.460462e-12 2.832896e+10
2.270000e+00 6.441317e-29 1.519743e-12 2.947886e+10
2.280000e+00 6.432277e-29 1.659274e-12 3.218536e+10
2.290000e+00 6.423370e-29 1.885404e-12 3.657167e+10
2.300000e+00 6.414594e-29 2.204398e-12 4.275928e+10
2.310000e+00 6.405947e-29 2.623256e-12 5.088398e+10
2.320000e+00 6.397428e-29 3.150195e-12 6.110515e+10
2.330000e+00 6.389035e-29 3.794058e-12 7.359434e+10
2.340000e+00 6.380767e-29 4.563386e-12 8.851718e+10
2.350000e+00 6.372622e-29 5.465077e-12 1.060075e+11
2.360000e+00 6.364599e-29 6.501272e-12 1.261069e+11
2.370000e+00 6.356696e-29 7.665974e-12 1.486989e+11
2.380000e+00 6.348911e-29 8.940301e-12 1.734174e+11
2.390000e+00 6.341242e-29 1.028774e-11 1.995540e+11
2.400000e+00 6.333690e-29 1.165023e-11 2.259826e+11
2.410000e+00 6.326251e-29 1.294893e-11 2.511737e+11
2.420000e+00 6.318925e-29 1.408899e-11 2.732879e+11
2.430000e+00 6.311710e-29 1.496975e-11 2.903721e+11
2.440000e+00 6.304604e-29 1.550046e-11 3.006665e+11
2.450000e+00 6.297607e-29 1.561644e-11 3.029162e+11
2.460000e+00 6.290717e-29 1.529345e-11 2.966511e+11
2.470000e+00 6.283932e-29 1.455626e-11 2.823515e+11
2.480000e+00 6.277251e-29 1.347846e-11 2.614451e+11
2.490000e+00 6.270673e-29 1.217422e-11 2.361465e+11
2.500000e+00 6.264196e-29 1.078295e-11 2.091597e+11
2.510000e+00 6.257819e-29 9.449881e-12 1.833018e+11
2.520000e+00 6.251540e-29 8.307238e-12 1.611377e+11
2.530000e+00 6.245358e-29 7.458174e-12 1.446681e+11
2.540000e+00 6.239271e-29 6.964883e-12 1.350996e+11
2.550000e+00 6.233278e-29 6.842593e-12 1.327276e+11
2.560000e+00 6.227378e-29 7.059134e-12 1.369279e+11
2.570000e+00 6.221570e-29 7.539542e-12 1.462465e+11
2.580000e+00 6.215853e-29 8.175786e-12 1.585879e+11
2.590000e+00 6.210225e-29 8.840874e-12 1.714887e+11
2.600000e+00 6.204685e-29 9.405667e-12 1.824442e+11
2.610000e+00 6.199232e-29 9.757460e-12 1.892680e+11
2.620000e+00 6.193866e-29 9.815720e-12 1.903981e+11
2.630000e+00 6.188584e-29 9.543222e-12 1.851124e+11
2.640000e+00 6.183386e-29 8.949579e-12 1.735973e+11
2.650000e+00 6.178270e-29 8.086597e-12 1.568578e+11
2.660000e+00 6.173237e-29 7.036638e-12 1.364915e+11
2.670000e+00 6.168283e-29 5.896406e-12 1.143741e+11
2.680000e+00 6.163409e-29 4.760595e-12 9.234250e+10
2.690000e+00 6.158612e-29 3.708594e-12 7.193657e+10
2.700000e+00 6.153893e-29 2.795810e-12 5.423106e+10
2.710000e+00 6.149249e-29 2.051074e-12 3.978522e+10
2.720000e+00 6.144680e-29 1.479676e-12 2.870166e+10
2.730000e+00 6.140185e-29 1.068740e-12 2.073063e+10
2.740000e+00 6.135763e-29 7.945714e-13 1.541251e+10
2.750000e+00 6.131412e-29 6.293187e-13 1.220706e+10
2.760000e+00 6.127132e-29 5.461634e-13 1.059407e+10
2.770000e+00 6.122923e-29 5.224198e-13 1.013351e+10
2.780000e+00 6.118783e-29 5.409458e-13 1.049287e+10
2.790000e+00 6.114712e-29 5.899415e-13 1.144325e+10
2.800000e+00 6.110708e-29 6.617783e-13 1.283669e+10
2.810000e+00 6.106771e-29 7.512928e-13 1.457302e+10
2.820000e+00 6.102899e-29 8.539735e-13 1.656475e+10
2.830000e+00 6.099093e-29 9.644689e-13 1.870805e+10
2.840000e+00 6.095352e-29 1.075776e-12 2.086711e+10
2.850000e+00 6.091673e-29 1.179142e-12 2.287213e+10
2.860000e+00 6.088057e-29 1.264915e-12 2.453589e+10
2.870000e+00 6.084503e-29 1.323987e-12 2.568172e+10
2.880000e+00 6.081010e-29 1.349464e-12 2.617591e+10
2.890000e+00 6.077577e-29 1.338132e-12 2.595609e+10
2.900000e+00 6.074203e-29 1.291270e-12 2.504710e+10
2.910000e+00 6.070887e-29 1.214553e-12 2.355900e+10
2.920000e+00 6.067628e-29 1.117152e-12 2.166969e+10
2.930000e+00 6.064427e-29 1.010167e-12 1.959448e+10
2.940000e+00 6.061282e-29 9.049793e-13 1.755412e+10
2.950000e+00 6.058192e-29 8.118702e-13 1.574806e+10
2.960000e+00 6.055158e-29 7.391150e-13 1.433681e+10
2.970000e+00 6.052178e-29 6.928432e-13 1.343926e+10
2.980000e+00 6.049251e-29 6.773882e-13 1.313948e+10
2.990000e+00 6.046377e-29 6.959464e-13 1.349945e+10
3.000000e+00 6.043556e-29 7.512200e-13 1.457161e+10
