3.000000e-01 2.692251e-27 3.768402e-10 7.309668e+12
3.100000e-01 2.740001e-27 4.163942e-10 8.076906e+12
3.200000e-01 2.785138e-27 4.543192e-10 8.812548e+12
3.300000e-01 2.827704e-27 4.894794e-10 9.494559e+12
3.400000e-01 2.867866e-27 5.202843e-10 1.009209e+13
3.500000e-01 2.905825e-27 5.447759e-10 1.056716e+13
3.600000e-01 2.941623e-27 5.608827e-10 1.087959e+13
3.700000e-01 2.975203e-27 5.668578e-10 1.099549e+13
3.800000e-01 3.006692e-27 5.617890e-10 1.089717e+13
3.900000e-01 3.036550e-27 5.459653e-10 1.059023e+13
4.000000e-01 3.064712e-27 5.208348e-10 1.010277e+13
4.100000e-01 3.091101e-27 4.889599e-10 9.484482e+12
4.200000e-01 3.115735e-27 4.536497e-10 8.799561e+12
4.300000e-01 3.138919e-27 4.184478e-10 8.116740e+12
4.400000e-01 3.160716e-27 3.865036e-10 7.497111e+12
4.500000e-01 3.181121e-27 3.601773e-10 6.986453e+12
4.600000e-01 3.200151e-27 3.408308e-10 6.611183e+12
4.700000e-01 3.217876e-27 3.288553e-10 6.378892e+12
4.800000e-01 3.234378e-27 3.239184e-10 6.283130e+12
4.900000e-01 3.249734e-27 3.253785e-10 6.311452e+12
5.000000e-01 3.264010e-27 3.327729e-10 6.454883e+12
5.100000e-01 3.277270e-27 3.462865e-10 6.717010e+12
5.200000e-01 3.289573e-27 3.671115e-10 7.120957e+12
5.300000e-01 3.300954e-27 3.976256e-10 7.712848e+12
5.400000e-01 3.311429e-27 4.413342e-10 8.560674e+12
5.500000e-01 3.321016e-27 5.025265e-10 9.747637e+12
5.600000e-01 3.329744e-27 5.856320e-10 1.135966e+13
5.700000e-01 3.337664e-27 6.943102e-10 1.346772e+13
5.800000e-01 3.344830e-27 8.303839e-10 1.610717e+13
5.900000e-01 3.351296e-27 9.928282e-10 1.925815e+13
6.000000e-01 3.357100e-27 1.177109e-09 2.283269e+13
6.100000e-01 3.362263e-27 1.375143e-09 2.667401e+13
6.200000e-01 3.366807e-27 1.576122e-09 3.057246e+13
6.300000e-01 3.370751e-27 1.768185e-09 3.429794e+13
6.400000e-01 3.374119e-27 1.940686e-09 3.764398e+13
6.500000e-01 3.376935e-27 2.086583e-09 4.047399e+13
6.600000e-01 3.379225e-27 2.204311e-09 4.275760e+13
6.700000e-01 3.381013e-27 2.298599e-09 4.458652e+13
6.800000e-01 3.382325e-27 2.379908e-09 4.616370e+13
6.900000e-01 3.383182e-27 2.462550e-09 4.776672e+13
7.000000e-01 3.383605e-27 2.561894e-09 4.969374e+13
7.100000e-01 3.383616e-27 2.691357e-09 5.220494e+13
7.200000e-01 3.383235e-27 2.859914e-09 5.547449e+13
7.300000e-01 3.382482e-27 3.070751e-09 5.956415e+13
7.400000e-01 3.381372e-27 3.321359e-09 6.442527e+13
7.500000e-01 3.379920e-27 3.604971e-09 6.992657e+13
7.600000e-01 3.378142e-27 3.912872e-09 7.589899e+13
7.700000e-01 3.376054e-27 4.236896e-09 8.218417e+13
7.800000e-01 3.373669e-27 4.571377e-09 8.867218e+13
7.900000e-01 3.371002e-27 4.914030e-09 9.531871e+13
8.000000e-01 3.368066e-27 5.265495e-09 1.021362e+14
8.100000e-01 3.364873e-27 5.627844e-09 1.091647e+14
8.200000e-01 3.361436e-27 6.002482e-09 1.164317e+14
8.300000e-01 3.357768e-27 6.388195e-09 1.239135e+14
8.400000e-01 3.353873e-27 6.779930e-09 1.315121e+14
8.500000e-01 3.349759e-27 7.168700e-09 1.390531e+14
8.600000e-01 3.345432e-27 7.542621e-09 1.463062e+14
8.700000e-01 3.340897e-27 7.888775e-09 1.530206e+14
8.800000e-01 3.336162e-27 8.195392e-09 1.589681e+14
8.900000e-01 3.331234e-27 8.453824e-09 1.639810e+14
9.000000e-01 3.326127e-27 8.659833e-09 1.679770e+14
9.100000e-01 3.320850e-27 8.813960e-09 1.709667e+14
9.200000e-01 3.315417e-27 8.920989e-09 1.730427e+14
9.300000e-01 3.309838e-27 8.988619e-09 1.743546e+14
9.400000e-01 3.304124e-27 9.025671e-09 1.750733e+14
9.500000e-01 3.298284e-27 9.040168e-09 1.753545e+14
9.600000e-01 3.292319e-27 9.037665e-09 1.753059e+14
9.700000e-01 3.286234e-27 9.020167e-09 1.749665e+14
9.800000e-01 3.280032e-27 8.985806e-09 1.743000e+14
9.900000e-01 3.273716e-27 8.929375e-09 1.732054e+14
1.000000e+00 3.267291e-27 8.843571e-09 1.715410e+14
1.010000e+00 3.260759e-27 8.720713e-09 1.691579e+14
1.020000e+00 3.254127e-27 8.554477e-09 1.659334e+14
1.030000e+00 3.247402e-27 8.341334e-09 1.617990e+14
1.040000e+00 3.240591e-27 8.081280e-09 1.567547e+14
1.050000e+00 3.233699e-27 7.777772e-09 1.508675e+14
1.060000e+00 3.226734e-27 7.436965e-09 1.442567e+14
1.070000e+00 3.219703e-27 7.066641e-09 1.370735e+14
1.080000e+00 3.212609e-27 6.674772e-09 1.294723e+14
1.090000e+00 3.205456e-27 6.268437e-09 1.215905e+14
1.100000e+00 3.198245e-27 5.853436e-09 1.135406e+14
1.110000e+00 3.190977e-27 5.433950e-09 1.054037e+14
1.120000e+00 3.183655e-27 5.013051e-09 9.723945e+13
1.130000e+00 3.176278e-27 4.593290e-09 8.909724e+13
1.140000e+00 3.168850e-27 4.177546e-09 8.103294e+13
1.150000e+00 3.161372e-27 3.769294e-09 7.311397e+13
1.160000e+00 3.153847e-27 3.373103e-09 6.542895e+13
1.170000e+00 3.146278e-27 2.994580e-09 5.808665e+13
1.180000e+00 3.138670e-27 2.639814e-09 5.120516e+13
1.190000e+00 3.131026e-27 2.315022e-09 4.490508e+13
1.200000e+00 3.123350e-27 2.025771e-09 3.929441e+13
1.210000e+00 3.115645e-27 1.776290e-09 3.445515e+13
1.220000e+00 3.107915e-27 1.569044e-09 3.043516e+13
1.230000e+00 3.100164e-27 1.404517e-09 2.724378e+13
1.240000e+00 3.092392e-27 1.281135e-09 2.485051e+13
1.250000e+00 3.084602e-27 1.195497e-09 2.318937e+13
1.260000e+00 3.076793e-27 1.142785e-09 2.216690e+13
1.270000e+00 3.068966e-27 1.117108e-09 2.166884e+13
1.280000e+00 3.061124e-27 1.111954e-09 2.156886e+13
1.290000e+00 3.053266e-27 1.120564e-09 2.173588e+13
1.300000e+00 3.045394e-27 1.136308e-09 2.204127e+13
1.310000e+00 3.037509e-27 1.153084e-09 2.236667e+13
1.320000e+00 3.029613e-27 1.165755e-09 2.261246e+13
1.330000e+00 3.021707e-27 1.170617e-09 2.270676e+13
1.340000e+00 3.013796e-27 1.165831e-09 2.261392e+13
1.350000e+00 3.005880e-27 1.151705e-09 2.233991e+13
1.360000e+00 2.997963e-27 1.130728e-09 2.193302e+13
1.370000e+00 2.990047e-27 1.107248e-09 2.147757e+13
1.380000e+00 2.982134e-27 1.086749e-09 2.107995e+13
1.390000e+00 2.974228e-27 1.074821e-09 2.084859e+13
1.400000e+00 2.966329e-27 1.075943e-09 2.087035e+13
1.410000e+00 2.958440e-27 1.092332e-09 2.118825e+13
1.420000e+00 2.950561e-27 1.123146e-09 2.178595e+13
1.430000e+00 2.942690e-27 1.164214e-09 2.258257e+13
1.440000e+00 2.934827e-27 1.208519e-09 2.344196e+13
1.450000e+00 2.926973e-27 1.247297e-09 2.419415e+13
1.460000e+00 2.919127e-27 1.271594e-09 2.466544e+13
1.470000e+00 2.911289e-27 1.273974e-09 2.471161e+13
1.480000e+00 2.903458e-27 1.249891e-09 2.424446e+13
1.490000e+00 2.895634e-27 1.198479e-09 2.324721e+13
1.500000e+00 2.887818e-27 1.122545e-09 2.177430e+13
1.510000e+00 2.880010e-27 1.027816e-09 1.993682e+13
1.520000e+00 2.872212e-27 9.217054e-10 1.787856e+13
1.530000e+00 2.864425e-27 8.118978e-10 1.574859e+13
1.540000e+00 2.856652e-27 7.050890e-10 1.367679e+13
1.550000e+00 2.848892e-27 6.062691e-10 1.175996e+13
1.560000e+00 2.841149e-27 5.184141e-10 1.005581e+13
1.570000e+00 2.833423e-27 4.427002e-10 8.587171e+12
1.580000e+00 2.825717e-27 3.789980e-10 7.351523e+12
1.590000e+00 2.818030e-27 3.264658e-10 6.332542e+12
1.600000e+00 2.810366e-27 2.840050e-10 5.508919e+12
1.610000e+00 2.802724e-27 2.505947e-10 4.860850e+12
1.620000e+00 2.795104e-27 2.254267e-10 4.372661e+12
1.630000e+00 2.787505e-27 2.078644e-10 4.032000e+12
1.640000e+00 2.779927e-27 1.973594e-10 3.828232e+12
1.650000e+00 2.772370e-27 1.933290e-10 3.750054e+12
1.660000e+00 2.764833e-27 1.950610e-10 3.783650e+12
1.670000e+00 2.757315e-27 2.016608e-10 3.911667e+12
1.680000e+00 2.749817e-27 2.120567e-10 4.113320e+12
1.690000e+00 2.742338e-27 2.250733e-10 4.365806e+12
1.700000e+00 2.734878e-27 2.395839e-10 4.647271e+12
1.710000e+00 2.727435e-27 2.547365e-10 4.941190e+12
1.720000e+00 2.720011e-27 2.702223e-10 5.241572e+12
1.730000e+00 2.712606e-27 2.865402e-10 5.558096e+12
1.740000e+00 2.705221e-27 3.051520e-10 5.919113e+12
1.750000e+00 2.697857e-27 3.284209e-10 6.370467e+12
1.760000e+00 2.690515e-27 3.592969e-10 6.969375e+12
1.770000e+00 2.683195e-27 4.007050e-10 7.772579e+12
1.780000e+00 2.675898e-27 4.547095e-10 8.820119e+12
1.790000e+00 2.668624e-27 5.216852e-10 1.011926e+13
1.800000e+00 2.661376e-27 5.996338e-10 1.163125e+13
1.810000e+00 2.654153e-27 6.839266e-10 1.326630e+13
1.820000e+00 2.646956e-27 7.675947e-10 1.488923e+13
1.830000e+00 2.639786e-27 8.422922e-10 1.633816e+13
1.840000e+00 2.632643e-27 8.996363e-10 1.745048e+13
1.850000e+00 2.625527e-27 9.328299e-10 1.809434e+13
1.860000e+00 2.618437e-27 9.381428e-10 1.819740e+13
1.870000e+00 2.611373e-27 9.158676e-10 1.776532e+13
1.880000e+00 2.604336e-27 8.705948e-10 1.688715e+13
1.890000e+00 2.597324e-27 8.106371e-10 1.572414e+13
1.900000e+00 2.590338e-27 7.467261e-10 1.448444e+13
1.910000e+00 2.583378e-27 6.902662e-10 1.338927e+13
1.920000e+00 2.576443e-27 6.513586e-10 1.263457e+13
1.930000e+00 2.569533e-27 6.370745e-10 1.235750e+13
1.940000e+00 2.562648e-27 6.501973e-10 1.261205e+13
1.950000e+00 2.555788e-27 6.886613e-10 1.335814e+13
1.960000e+00 2.548953e-27 7.458238e-10 1.446694e+13
1.970000e+00 2.542142e-27 8.115105e-10 1.574108e+13
1.980000e+00 2.535357e-27 8.736781e-10 1.694696e+13
1.990000e+00 2.528596e-27 9.204775e-10 1.785474e+13
2.000000e+00 2.521862e-27 9.422222e-10 1.827653e+13
2.010000e+00 2.515153e-27 9.329777e-10 1.809721e+13
2.020000e+00 2.508470e-27 8.914129e-10 1.729097e+13
2.030000e+00 2.501814e-27 8.207441e-10 1.592019e+13
2.040000e+00 2.495184e-27 7.278847e-10 1.411897e+13
2.050000e+00 2.488580e-27 6.219634e-10 1.206439e+13
2.060000e+00 2.482004e-27 5.126246e-10 9.943512e+12
2.070000e+00 2.475454e-27 4.085655e-10 7.925051e+12
2.080000e+00 2.468932e-27 3.163833e-10 6.136970e+12
2.090000e+00 2.462438e-27 2.400955e-10 4.657196e+12
2.100000e+00 2.455970e-27 1.811597e-10 3.514001e+12
2.110000e+00 2.449530e-27 1.389191e-10 2.694650e+12
2.120000e+00 2.443116e-27 1.111973e-10 2.156924e+12
2.130000e+00 2.436729e-27 9.499024e-11 1.842550e+12
2.140000e+00 2.430368e-27 8.703489e-11 1.688238e+12
2.150000e+00 2.424033e-27 8.423427e-11 1.633914e+12
2.160000e+00 2.417724e-27 8.394988e-11 1.628398e+12
2.170000e+00 2.411440e-27 8.415757e-11 1.632426e+12
2.180000e+00 2.405181e-27 8.351013e-11 1.619868e+12
2.190000e+00 2.398947e-27 8.132238e-11 1.577431e+12
2.200000e+00 2.392737e-27 7.749587e-11 1.503208e+12
2.210000e+00 2.386552e-27 7.239342e-11 1.404234e+12
2.220000e+00 2.380391e-27 6.668312e-11 1.293470e+12
2.230000e+00 2.374253e-27 6.117416e-11 1.186611e+12
2.240000e+00 2.368139e-27 5.667409e-11 1.099322e+12
2.250000e+00 2.362049e-27 5.388221e-11 1.045167e+12
2.260000e+00 2.355983e-27 5.334205e-11 1.034690e+12
2.270000e+00 2.349940e-27 5.544373e-11 1.075456e+12
2.280000e+00 2.343922e-27 6.046394e-11 1.172835e+12
2.290000e+00 2.337928e-27 6.862346e-11 1.331107e+12
2.300000e+00 2.331958e-27 8.013858e-11 1.554469e+12
2.310000e+00 2.326013e-27 9.525098e-11 1.847608e+12
2.320000e+00 2.320092e-27 1.142450e-10 2.216040e+12
2.330000e+00 2.314195e-27 1.374259e-10 2.665687e+12
2.340000e+00 2.308323e-27 1.650862e-10 3.202221e+12
2.350000e+00 2.302476e-27 1.974573e-10 3.830131e+12
2.360000e+00 2.296654e-27 2.345972e-10 4.550542e+12
2.370000e+00 2.290856e-27 2.762700e-10 5.358881e+12
2.380000e+00 2.285084e-27 3.217770e-10 6.241593e+12
2.390000e+00 2.279336e-27 3.697891e-10 7.172895e+12
2.400000e+00 2.273614e-27 4.182101e-10 8.112130e+12
2.410000e+00 2.267916e-27 4.642099e-10 9.004400e+12
2.420000e+00 2.262243e-27 5.044011e-10 9.784000e+12
2.430000e+00 2.256594e-27 5.352059e-10 1.038153e+13
2.440000e+00 2.250970e-27 5.534222e-10 1.073487e+13
2.450000e+00 2.245370e-27 5.567939e-10 1.080028e+13
2.460000e+00 2.239794e-27 5.445196e-10 1.056219e+13
2.470000e+00 2.234243e-27 5.175456e-10 1.003897e+13
2.480000e+00 2.228715e-27 4.785476e-10 9.282512e+12
2.490000e+00 2.223211e-27 4.316260e-10 8.372362e+12
2.500000e+00 2.217730e-27 3.817517e-10 7.404937e+12
2.510000e+00 2.212273e-27 3.340735e-10 6.480112e+12
2.520000e+00 2.206839e-27 2.932516e-10 5.688277e+12
2.530000e+00 2.201429e-27 2.628935e-10 5.099414e+12
2.540000e+00 2.196041e-27 2.451436e-10 4.755113e+12
2.550000e+00 2.190677e-27 2.404820e-10 4.664691e+12
2.560000e+00 2.185335e-27 2.477218e-10 4.805125e+12
2.570000e+00 2.180016e-27 2.641829e-10 5.124424e+12
2.580000e+00 2.174720e-27 2.860436e-10 5.548462e+12
2.590000e+00 2.169446e-27 3.088423e-10 5.990695e+12
2.600000e+00 2.164195e-27 3.280698e-10 6.363656e+12
2.610000e+00 2.158966e-27 3.398167e-10 6.591513e+12
2.620000e+00 2.153760e-27 3.413168e-10 6.620610e+12
2.630000e+00 2.148575e-27 3.313250e-10 6.426798e+12
2.640000e+00 2.143412e-27 3.102287e-10 6.017587e+12
2.650000e+00 2.138272e-27 2.798735e-10 5.428779e+12
2.660000e+00 2.133153e-27 2.431500e-10 4.716443e+12
2.670000e+00 2.128056e-27 2.034258e-10 3.945903e+12
2.680000e+00 2.122980e-27 1.639782e-10 3.180728e+12
2.690000e+00 2.117926e-27 1.275373e-10 2.473874e+12
2.700000e+00 2.112893e-27 9.599206e-11 1.861983e+12
2.710000e+00 2.107882e-27 7.030813e-11 1.363785e+12
2.720000e+00 2.102892e-27 5.063889e-11 9.822558e+11
2.730000e+00 2.097922e-27 3.651573e-11 7.083051e+11
2.740000e+00 2.092974e-27 2.710368e-11 5.257371e+11
2.750000e+00 2.088047e-27 2.143139e-11 4.157103e+11
2.760000e+00 2.083141e-27 1.856880e-11 3.601839e+11
2.770000e+00 2.078255e-27 1.773208e-11 3.439538e+11
2.780000e+00 2.073390e-27 1.833031e-11 3.555578e+11
2.790000e+00 2.068546e-27 1.995713e-11 3.871137e+11
2.800000e+00 2.063722e-27 2.234973e-11 4.335235e+11
2.810000e+00 2.058919e-27 2.533010e-11 4.913345e+11
2.820000e+00 2.054136e-27 2.874335e-11 5.575423e+11
2.830000e+00 2.049373e-27 3.240739e-11 6.286145e+11
2.840000e+00 2.044631e-27 3.608595e-11 6.999687e+11
2.850000e+00 2.039909e-27 3.948575e-11 7.659153e+11
2.860000e+00 2.035207e-27 4.228547e-11 8.202223e+11
2.870000e+00 2.030525e-27 4.418418e-11 8.570521e+11
2.880000e+00 2.025862e-27 4.495683e-11 8.720393e+11
2.890000e+00 2.021220e-27 4.450225e-11 8.632218e+11
2.900000e+00 2.016597e-27 4.286935e-11 8.315480e+11
2.910000e+00 2.011994e-27 4.025233e-11 7.807849e+11
2.920000e+00 2.007411e-27 3.695980e-11 7.169188e+11
2.930000e+00 2.002847e-27 3.336194e-11 6.471303e+11
2.940000e+00 1.998303e-27 2.983565e-11 5.787298e+11
2.950000e+00 1.993778e-27 2.671900e-11 5.182754e+11
2.960000e+00 1.989272e-27 2.428178e-11 4.710001e+11
2.970000e+00 1.984785e-27 2.272148e-11 4.407345e+11
2.980000e+00 1.980317e-27 2.217536e-11 4.301413e+11
2.990000e+00 1.975868e-27 2.274251e-11 4.411424e+11
3.000000e+00 1.971438e-27 2.450517e-11 4.753331e+11
