3.000000e-01 3.236441e-27 4.530117e-10 8.787186e+12
3.100000e-01 3.306418e-27 5.024717e-10 9.746574e+12
3.200000e-01 3.373087e-27 5.502270e-10 1.067290e+13
3.300000e-01 3.436577e-27 5.948762e-10 1.153897e+13
3.400000e-01 3.496996e-27 6.344203e-10 1.230602e+13
3.500000e-01 3.554449e-27 6.663780e-10 1.292591e+13
3.600000e-01 3.609086e-27 6.881485e-10 1.334820e+13
3.700000e-01 3.661092e-27 6.975384e-10 1.353033e+13
3.800000e-01 3.710603e-27 6.933121e-10 1.344836e+13
3.900000e-01 3.757673e-27 6.756217e-10 1.310521e+13
4.000000e-01 3.802353e-27 6.461938e-10 1.253439e+13
4.100000e-01 3.844732e-27 6.081715e-10 1.179686e+13
4.200000e-01 3.884918e-27 5.656424e-10 1.097191e+13
4.300000e-01 3.923019e-27 5.229757e-10 1.014430e+13
4.400000e-01 3.959137e-27 4.841373e-10 9.390937e+12
4.500000e-01 3.993373e-27 4.521433e-10 8.770341e+12
4.600000e-01 4.025818e-27 4.287681e-10 8.316927e+12
4.700000e-01 4.056525e-27 4.145622e-10 8.041371e+12
4.800000e-01 4.085547e-27 4.091617e-10 7.936617e+12
4.900000e-01 4.112935e-27 4.118062e-10 7.987911e+12
5.000000e-01 4.138754e-27 4.219549e-10 8.184770e+12
5.100000e-01 4.163068e-27 4.398827e-10 8.532520e+12
5.200000e-01 4.186028e-27 4.671544e-10 9.061516e+12
5.300000e-01 4.207673e-27 5.068471e-10 9.831445e+12
5.400000e-01 4.228055e-27 5.634985e-10 1.093033e+13
5.500000e-01 4.246976e-27 6.426401e-10 1.246546e+13
5.600000e-01 4.264742e-27 7.500785e-10 1.454947e+13
5.700000e-01 4.281435e-27 8.906360e-10 1.727590e+13
5.800000e-01 4.297071e-27 1.066786e-09 2.069273e+13
5.900000e-01 4.311668e-27 1.277340e-09 2.477690e+13
6.000000e-01 4.325253e-27 1.516576e-09 2.941741e+13
6.100000e-01 4.337866e-27 1.774158e-09 3.441381e+13
6.200000e-01 4.349547e-27 2.036178e-09 3.949628e+13
6.300000e-01 4.360336e-27 2.287289e-09 4.436713e+13
6.400000e-01 4.370270e-27 2.513640e-09 4.875773e+13
6.500000e-01 4.379380e-27 2.705986e-09 5.248872e+13
6.600000e-01 4.387695e-27 2.862150e-09 5.551786e+13
6.700000e-01 4.395246e-27 2.988130e-09 5.796154e+13
6.800000e-01 4.402063e-27 3.097428e-09 6.008161e+13
6.900000e-01 4.408175e-27 3.208622e-09 6.223847e+13
7.000000e-01 4.413612e-27 3.341764e-09 6.482106e+13
7.100000e-01 4.418404e-27 3.514435e-09 6.817042e+13
7.200000e-01 4.422579e-27 3.738490e-09 7.251647e+13
7.300000e-01 4.426162e-27 4.018244e-09 7.794293e+13
7.400000e-01 4.429173e-27 4.350564e-09 8.438903e+13
7.500000e-01 4.431632e-27 4.726712e-09 9.168525e+13
7.600000e-01 4.433557e-27 5.135350e-09 9.961172e+13
7.700000e-01 4.434969e-27 5.565819e-09 1.079616e+14
7.800000e-01 4.435890e-27 6.010702e-09 1.165912e+14
7.900000e-01 4.436342e-27 6.467012e-09 1.254423e+14
8.000000e-01 4.436350e-27 6.935606e-09 1.345318e+14
8.100000e-01 4.435938e-27 7.419231e-09 1.439128e+14
8.200000e-01 4.435130e-27 7.919767e-09 1.536218e+14
8.300000e-01 4.433945e-27 8.435637e-09 1.636282e+14
8.400000e-01 4.432392e-27 8.960179e-09 1.738029e+14
8.500000e-01 4.430479e-27 9.481509e-09 1.839153e+14
8.600000e-01 4.428213e-27 9.983863e-09 1.936596e+14
8.700000e-01 4.425604e-27 1.045006e-08 2.027026e+14
8.800000e-01 4.422659e-27 1.086441e-08 2.107397e+14
8.900000e-01 4.419389e-27 1.121528e-08 2.175458e+14
9.000000e-01 4.415809e-27 1.149691e-08 2.230085e+14
9.100000e-01 4.411931e-27 1.170983e-08 2.271385e+14
9.200000e-01 4.407770e-27 1.186025e-08 2.300563e+14
9.300000e-01 4.403338e-27 1.195827e-08 2.319576e+14
9.400000e-01 4.398650e-27 1.201552e-08 2.330682e+14
9.500000e-01 4.393719e-27 1.204261e-08 2.335937e+14
9.600000e-01 4.388555e-27 1.204691e-08 2.336771e+14
9.700000e-01 4.383169e-27 1.203107e-08 2.333698e+14
9.800000e-01 4.377575e-27 1.199258e-08 2.326232e+14
9.900000e-01 4.371782e-27 1.192445e-08 2.313017e+14
1.000000e+00 4.365802e-27 1.181691e-08 2.292157e+14
1.010000e+00 4.359645e-27 1.165962e-08 2.261647e+14
1.020000e+00 4.353315e-27 1.144403e-08 2.219829e+14
1.030000e+00 4.346816e-27 1.116531e-08 2.165764e+14
1.040000e+00 4.340149e-27 1.082332e-08 2.099428e+14
1.050000e+00 4.333320e-27 1.042261e-08 2.021700e+14
1.060000e+00 4.326330e-27 9.971308e-09 1.934161e+14
1.070000e+00 4.319183e-27 9.479793e-09 1.838820e+14
1.080000e+00 4.311884e-27 8.958712e-09 1.737745e+14
1.090000e+00 4.304441e-27 8.417558e-09 1.632776e+14
1.100000e+00 4.296862e-27 7.864127e-09 1.525425e+14
1.110000e+00 4.289156e-27 7.304050e-09 1.416786e+14
1.120000e+00 4.281331e-27 6.741475e-09 1.307662e+14
1.130000e+00 4.273395e-27 6.179856e-09 1.198723e+14
1.140000e+00 4.265358e-27 5.623090e-09 1.090725e+14
1.150000e+00 4.257227e-27 5.075878e-09 9.845813e+13
1.160000e+00 4.249005e-27 4.544397e-09 8.814885e+13
1.170000e+00 4.240696e-27 4.036230e-09 7.829181e+13
1.180000e+00 4.232302e-27 3.559626e-09 6.904699e+13
1.190000e+00 4.223827e-27 3.123018e-09 6.057800e+13
1.200000e+00 4.215273e-27 2.733980e-09 5.303173e+13
1.210000e+00 4.206642e-27 2.398288e-09 4.652022e+13
1.220000e+00 4.197938e-27 2.119347e-09 4.110952e+13
1.230000e+00 4.189163e-27 1.897884e-09 3.681375e+13
1.240000e+00 4.180321e-27 1.731849e-09 3.359313e+13
1.250000e+00 4.171417e-27 1.616714e-09 3.135982e+13
1.260000e+00 4.162452e-27 1.546022e-09 2.998858e+13
1.270000e+00 4.153432e-27 1.511855e-09 2.932585e+13
1.280000e+00 4.144360e-27 1.505439e-09 2.920140e+13
1.290000e+00 4.135240e-27 1.517654e-09 2.943834e+13
1.300000e+00 4.126076e-27 1.539536e-09 2.986278e+13
1.310000e+00 4.116871e-27 1.562826e-09 3.031454e+13
1.320000e+00 4.107628e-27 1.580561e-09 3.065856e+13
1.330000e+00 4.098348e-27 1.587710e-09 3.079723e+13
1.340000e+00 4.089033e-27 1.581766e-09 3.068193e+13
1.350000e+00 4.079684e-27 1.563133e-09 3.032050e+13
1.360000e+00 4.070303e-27 1.535177e-09 2.977823e+13
1.370000e+00 4.060891e-27 1.503793e-09 2.916947e+13
1.380000e+00 4.051450e-27 1.476429e-09 2.863867e+13
1.390000e+00 4.041981e-27 1.460684e-09 2.833328e+13
1.400000e+00 4.032485e-27 1.462658e-09 2.837155e+13
1.410000e+00 4.022965e-27 1.485382e-09 2.881235e+13
1.420000e+00 4.013422e-27 1.527729e-09 2.963376e+13
1.430000e+00 4.003860e-27 1.584044e-09 3.072612e+13
1.440000e+00 3.994280e-27 1.644787e-09 3.190436e+13
1.450000e+00 3.984685e-27 1.698030e-09 3.293712e+13
1.460000e+00 3.975077e-27 1.731574e-09 3.358780e+13
1.470000e+00 3.965459e-27 1.735277e-09 3.365963e+13
1.480000e+00 3.955832e-27 1.702921e-09 3.303199e+13
1.490000e+00 3.946200e-27 1.633299e-09 3.168153e+13
1.500000e+00 3.936563e-27 1.530211e-09 2.968190e+13
1.510000e+00 3.926925e-27 1.401438e-09 2.718406e+13
1.520000e+00 3.917284e-27 1.257074e-09 2.438379e+13
1.530000e+00 3.907643e-27 1.107589e-09 2.148420e+13
1.540000e+00 3.898003e-27 9.621190e-10 1.866247e+13
1.550000e+00 3.888364e-27 8.274776e-10 1.605080e+13
1.560000e+00 3.878727e-27 7.077370e-10 1.372816e+13
1.570000e+00 3.869093e-27 6.045155e-10 1.172594e+13
1.580000e+00 3.859463e-27 5.176488e-10 1.004097e+13
1.590000e+00 3.849839e-27 4.459997e-10 8.651173e+12
1.600000e+00 3.840221e-27 3.880783e-10 7.527655e+12
1.610000e+00 3.830610e-27 3.424990e-10 6.643543e+12
1.620000e+00 3.821006e-27 3.081663e-10 5.977583e+12
1.630000e+00 3.811411e-27 2.842171e-10 5.513034e+12
1.640000e+00 3.801825e-27 2.699085e-10 5.235485e+12
1.650000e+00 3.792248e-27 2.644495e-10 5.129595e+12
1.660000e+00 3.782682e-27 2.668711e-10 5.176569e+12
1.670000e+00 3.773128e-27 2.759539e-10 5.352749e+12
1.680000e+00 3.763585e-27 2.902351e-10 5.629767e+12
1.690000e+00 3.754055e-27 3.081085e-10 5.976461e+12
1.700000e+00 3.744539e-27 3.280334e-10 6.362950e+12
1.710000e+00 3.735037e-27 3.488443e-10 6.766624e+12
1.720000e+00 3.725549e-27 3.701186e-10 7.179286e+12
1.730000e+00 3.716077e-27 3.925397e-10 7.614196e+12
1.740000e+00 3.706622e-27 4.181111e-10 8.110210e+12
1.750000e+00 3.697183e-27 4.500729e-10 8.730181e+12
1.760000e+00 3.687763e-27 4.924714e-10 9.552596e+12
1.770000e+00 3.678360e-27 5.493218e-10 1.065534e+13
1.780000e+00 3.668977e-27 6.234614e-10 1.209344e+13
1.790000e+00 3.659614e-27 7.154122e-10 1.387704e+13
1.800000e+00 3.650271e-27 8.224415e-10 1.595311e+13
1.810000e+00 3.640950e-27 9.382061e-10 1.819863e+13
1.820000e+00 3.631651e-27 1.053148e-09 2.042818e+13
1.830000e+00 3.622374e-27 1.155812e-09 2.241960e+13
1.840000e+00 3.613121e-27 1.234689e-09 2.394958e+13
1.850000e+00 3.603891e-27 1.280435e-09 2.483694e+13
1.860000e+00 3.594685e-27 1.287916e-09 2.498205e+13
1.870000e+00 3.585502e-27 1.257517e-09 2.439238e+13
1.880000e+00 3.576344e-27 1.195524e-09 2.318990e+13
1.890000e+00 3.567211e-27 1.113343e-09 2.159581e+13
1.900000e+00 3.558102e-27 1.025707e-09 1.989590e+13
1.910000e+00 3.549018e-27 9.482806e-10 1.839405e+13
1.920000e+00 3.539960e-27 8.949482e-10 1.735954e+13
1.930000e+00 3.530927e-27 8.754367e-10 1.698107e+13
1.940000e+00 3.521920e-27 8.935847e-10 1.733310e+13
1.950000e+00 3.512940e-27 9.465674e-10 1.836082e+13
1.960000e+00 3.503986e-27 1.025267e-09 1.988736e+13
1.970000e+00 3.495058e-27 1.115703e-09 2.164159e+13
1.980000e+00 3.486156e-27 1.201321e-09 2.330235e+13
1.990000e+00 3.477280e-27 1.265824e-09 2.455352e+13
2.000000e+00 3.468431e-27 1.295881e-09 2.513654e+13
2.010000e+00 3.459607e-27 1.283316e-09 2.489281e+13
2.020000e+00 3.450808e-27 1.226283e-09 2.378653e+13
2.030000e+00 3.442036e-27 1.129193e-09 2.190325e+13
2.040000e+00 3.433289e-27 1.001545e-09 1.942722e+13
2.050000e+00 3.424567e-27 8.558916e-10 1.660195e+13
2.060000e+00 3.415870e-27 7.055021e-10 1.368481e+13
2.070000e+00 3.407199e-27 5.623468e-10 1.090799e+13
2.080000e+00 3.398553e-27 4.355103e-10 8.447706e+12
2.090000e+00 3.389931e-27 3.305291e-10 6.411360e+12
2.100000e+00 3.381335e-27 2.494173e-10 4.838013e+12
2.110000e+00 3.372765e-27 1.912782e-10 3.710272e+12
2.120000e+00 3.364221e-27 1.531210e-10 2.970128e+12
2.130000e+00 3.355704e-27 1.308143e-10 2.537440e+12
2.140000e+00 3.347214e-27 1.198684e-10 2.325119e+12
2.150000e+00 3.338751e-27 1.160204e-10 2.250478e+12
2.160000e+00 3.330316e-27 1.156375e-10 2.243052e+12
2.170000e+00 3.321910e-27 1.159323e-10 2.248770e+12
2.180000e+00 3.313532e-27 1.150489e-10 2.231634e+12
2.190000e+00 3.305184e-27 1.120431e-10 2.173329e+12
2.200000e+00 3.296865e-27 1.067787e-10 2.071215e+12
2.210000e+00 3.288577e-27 9.975535e-11 1.934980e+12
2.220000e+00 3.280319e-27 9.189328e-11 1.782478e+12
2.230000e+00 3.272092e-27 8.430756e-11 1.635336e+12
2.240000e+00 3.263896e-27 7.811126e-11 1.515144e+12
2.250000e+00 3.255731e-27 7.426857e-11 1.440607e+12
2.260000e+00 3.247597e-27 7.352917e-11 1.426265e+12
2.270000e+00 3.239493e-27 7.643155e-11 1.482563e+12
2.280000e+00 3.231420e-27 8.335788e-11 1.616914e+12
2.290000e+00 3.223376e-27 9.461337e-11 1.835240e+12
2.300000e+00 3.215363e-27 1.104971e-10 2.143341e+12
2.310000e+00 3.207379e-27 1.313432e-10 2.547699e+12
2.320000e+00 3.199425e-27 1.575448e-10 3.055937e+12
2.330000e+00 3.191501e-27 1.895238e-10 3.676242e+12
2.340000e+00 3.183605e-27 2.276845e-10 4.416456e+12
2.350000e+00 3.175738e-27 2.723471e-10 5.282788e+12
2.360000e+00 3.167901e-27 3.235928e-10 6.276813e+12
2.370000e+00 3.160091e-27 3.810970e-10 7.392238e+12
2.380000e+00 3.152311e-27 4.438967e-10 8.610380e+12
2.390000e+00 3.144558e-27 5.101587e-10 9.895682e+12
2.400000e+00 3.136833e-27 5.769914e-10 1.119205e+13
2.410000e+00 3.129137e-27 6.404895e-10 1.242374e+13
2.420000e+00 3.121468e-27 6.959784e-10 1.350008e+13
2.430000e+00 3.113828e-27 7.385196e-10 1.432526e+13
2.440000e+00 3.106215e-27 7.636922e-10 1.481354e+13
2.450000e+00 3.098629e-27 7.683803e-10 1.490447e+13
2.460000e+00 3.091071e-27 7.514748e-10 1.457655e+13
2.470000e+00 3.083541e-27 7.142792e-10 1.385506e+13
2.480000e+00 3.076038e-27 6.604840e-10 1.281158e+13
2.490000e+00 3.068562e-27 5.957470e-10 1.155586e+13
2.500000e+00 3.061113e-27 5.269284e-10 1.022097e+13
2.510000e+00 3.053691e-27 4.611354e-10 8.944764e+12
2.520000e+00 3.046296e-27 4.048012e-10 7.852034e+12
2.530000e+00 3.038928e-27 3.629072e-10 7.039406e+12
2.540000e+00 3.031586e-27 3.384152e-10 6.564328e+12
2.550000e+00 3.024271e-27 3.319900e-10 6.439696e+12
2.560000e+00 3.016983e-27 3.419944e-10 6.633755e+12
2.570000e+00 3.009721e-27 3.647298e-10 7.074758e+12
2.580000e+00 3.002486e-27 3.949206e-10 7.660378e+12
2.590000e+00 2.995278e-27 4.264076e-10 8.271140e+12
2.600000e+00 2.988096e-27 4.529647e-10 8.786275e+12
2.610000e+00 2.980941e-27 4.691937e-10 9.101073e+12
2.620000e+00 2.973812e-27 4.712745e-10 9.141435e+12
2.630000e+00 2.966711e-27 4.574872e-10 8.873999e+12
2.640000e+00 2.959636e-27 4.283656e-10 8.309119e+12
2.650000e+00 2.952588e-27 3.864575e-10 7.496217e+12
2.660000e+00 2.945567e-27 3.357540e-10 6.512707e+12
2.670000e+00 2.938573e-27 2.809050e-10 5.448788e+12
2.680000e+00 2.931605e-27 2.264361e-10 4.392241e+12
2.690000e+00 2.924665e-27 1.761175e-10 3.416197e+12
2.700000e+00 2.917751e-27 1.325580e-10 2.571262e+12
2.710000e+00 2.910865e-27 9.709152e-11 1.883310e+12
2.720000e+00 2.904005e-27 6.993019e-11 1.356454e+12
2.730000e+00 2.897172e-27 5.042720e-11 9.781496e+11
2.740000e+00 2.890366e-27 3.742978e-11 7.260352e+11
2.750000e+00 2.883588e-27 2.959670e-11 5.740949e+11
2.760000e+00 2.876836e-27 2.564368e-11 4.974171e+11
2.770000e+00 2.870111e-27 2.448835e-11 4.750069e+11
2.780000e+00 2.863412e-27 2.531469e-11 4.910356e+11
2.790000e+00 2.856740e-27 2.756156e-11 5.346187e+11
2.800000e+00 2.850095e-27 3.086601e-11 5.987160e+11
2.810000e+00 2.843477e-27 3.498222e-11 6.785592e+11
2.820000e+00 2.836885e-27 3.969629e-11 7.699993e+11
2.830000e+00 2.830320e-27 4.475674e-11 8.681581e+11
2.840000e+00 2.823781e-27 4.983727e-11 9.667065e+11
2.850000e+00 2.817269e-27 5.453281e-11 1.057787e+12
2.860000e+00 2.810783e-27 5.839961e-11 1.132792e+12
2.870000e+00 2.804323e-27 6.102203e-11 1.183660e+12
2.880000e+00 2.797890e-27 6.208923e-11 1.204361e+12
2.890000e+00 2.791483e-27 6.146153e-11 1.192185e+12
2.900000e+00 2.785102e-27 5.920642e-11 1.148442e+12
2.910000e+00 2.778747e-27 5.559213e-11 1.078335e+12
2.920000e+00 2.772418e-27 5.104487e-11 9.901306e+11
2.930000e+00 2.766116e-27 4.607590e-11 8.937462e+11
2.940000e+00 2.759838e-27 4.120575e-11 7.992786e+11
2.950000e+00 2.753586e-27 3.690134e-11 7.157849e+11
2.960000e+00 2.747359e-27 3.353528e-11 6.504925e+11
2.970000e+00 2.741156e-27 3.138030e-11 6.086918e+11
2.980000e+00 2.734978e-27 3.062597e-11 5.940600e+11
2.990000e+00 2.728824e-27 3.140915e-11 6.092514e+11
3.000000e+00 2.722694e-27 3.384336e-11 6.564686e+11
