3.000000e-01 2.027847e-28 7.937607e-11 3.814776e+13
3.100000e-01 2.001610e-28 8.506402e-11 4.088136e+13
3.200000e-01 1.975652e-28 9.012335e-11 4.331285e+13
3.300000e-01 1.950073e-28 9.439827e-11 4.536736e+13
3.400000e-01 1.924884e-28 9.765602e-11 4.693302e+13
3.500000e-01 1.900062e-28 9.961591e-11 4.787493e+13
3.600000e-01 1.875609e-28 1.000092e-10 4.806393e+13
3.700000e-01 1.851546e-28 9.865169e-11 4.741153e+13
3.800000e-01 1.827888e-28 9.550951e-11 4.590141e+13
3.900000e-01 1.804650e-28 9.073819e-11 4.360834e+13
4.000000e-01 1.781842e-28 8.468219e-11 4.069786e+13
4.100000e-01 1.759480e-28 7.783177e-11 3.740558e+13
4.200000e-01 1.737581e-28 7.074856e-11 3.400142e+13
4.300000e-01 1.716150e-28 6.397774e-11 3.074740e+13
4.400000e-01 1.695158e-28 5.796832e-11 2.785930e+13
4.500000e-01 1.674566e-28 5.302139e-11 2.548182e+13
4.600000e-01 1.654352e-28 4.927299e-11 2.368036e+13
4.700000e-01 1.634527e-28 4.671326e-11 2.245017e+13
4.800000e-01 1.615109e-28 4.523340e-11 2.173896e+13
4.900000e-01 1.596110e-28 4.469062e-11 2.147810e+13
5.000000e-01 1.577519e-28 4.497630e-11 2.161540e+13
5.100000e-01 1.559323e-28 4.607570e-11 2.214376e+13
5.200000e-01 1.541506e-28 4.810786e-11 2.312041e+13
5.300000e-01 1.524059e-28 5.133921e-11 2.467338e+13
5.400000e-01 1.506975e-28 5.616566e-11 2.699295e+13
5.500000e-01 1.490248e-28 6.306076e-11 3.030670e+13
5.600000e-01 1.473871e-28 7.249130e-11 3.483897e+13
5.700000e-01 1.457836e-28 8.480709e-11 4.075788e+13
5.800000e-01 1.442138e-28 1.001207e-10 4.811755e+13
5.900000e-01 1.426769e-28 1.182027e-10 5.680765e+13
6.000000e-01 1.411721e-28 1.384249e-10 6.652633e+13
6.100000e-01 1.396988e-28 1.597797e-10 7.678936e+13
6.200000e-01 1.382562e-28 1.809959e-10 8.698578e+13
6.300000e-01 1.368433e-28 2.007414e-10 9.647538e+13
6.400000e-01 1.354595e-28 2.178797e-10 1.047120e+14
6.500000e-01 1.341042e-28 2.317223e-10 1.113646e+14
6.600000e-01 1.327767e-28 2.422091e-10 1.164045e+14
6.700000e-01 1.314765e-28 2.499637e-10 1.201314e+14
6.800000e-01 1.302029e-28 2.561993e-10 1.231282e+14
6.900000e-01 1.289553e-28 2.624891e-10 1.261510e+14
7.000000e-01 1.277331e-28 2.704565e-10 1.299801e+14
7.100000e-01 1.265357e-28 2.814594e-10 1.352680e+14
7.200000e-01 1.253625e-28 2.963473e-10 1.424231e+14
7.300000e-01 1.242129e-28 3.153467e-10 1.515541e+14
7.400000e-01 1.230861e-28 3.380995e-10 1.624890e+14
7.500000e-01 1.219814e-28 3.638325e-10 1.748562e+14
7.600000e-01 1.208980e-28 3.916060e-10 1.882040e+14
7.700000e-01 1.198352e-28 4.205673e-10 2.021226e+14
7.800000e-01 1.187929e-28 4.501399e-10 2.163351e+14
7.900000e-01 1.177713e-28 4.800989e-10 2.307332e+14
8.000000e-01 1.167708e-28 5.105112e-10 2.453492e+14
8.100000e-01 1.157916e-28 5.415804e-10 2.602810e+14
8.200000e-01 1.148341e-28 5.734420e-10 2.755935e+14
8.300000e-01 1.138976e-28 6.059749e-10 2.912286e+14
8.400000e-01 1.129792e-28 6.386890e-10 3.069509e+14
8.500000e-01 1.120757e-28 6.707349e-10 3.223520e+14
8.600000e-01 1.111842e-28 7.010123e-10 3.369031e+14
8.700000e-01 1.103014e-28 7.283500e-10 3.500415e+14
8.800000e-01 1.094248e-28 7.517112e-10 3.612688e+14
8.900000e-01 1.085581e-28 7.704114e-10 3.702560e+14
9.000000e-01 1.077099e-28 7.842214e-10 3.768930e+14
9.100000e-01 1.068889e-28 7.933539e-10 3.812821e+14
9.200000e-01 1.061041e-28 7.983979e-10 3.837062e+14
9.300000e-01 1.053641e-28 8.001866e-10 3.845659e+14
9.400000e-01 1.046764e-28 7.996218e-10 3.842944e+14
9.500000e-01 1.040279e-28 7.973534e-10 3.832042e+14
9.600000e-01 1.033877e-28 7.936624e-10 3.814304e+14
9.700000e-01 1.027247e-28 7.885033e-10 3.789509e+14
9.800000e-01 1.020076e-28 7.814914e-10 3.755810e+14
9.900000e-01 1.012053e-28 7.719617e-10 3.710011e+14
1.000000e+00 1.002865e-28 7.590929e-10 3.648164e+14
1.010000e+00 9.925201e-29 7.423098e-10 3.567505e+14
1.020000e+00 9.819093e-29 7.218433e-10 3.469144e+14
1.030000e+00 9.720760e-29 6.982521e-10 3.355766e+14
1.040000e+00 9.640636e-29 6.723172e-10 3.231124e+14
1.050000e+00 9.589152e-29 6.449831e-10 3.099758e+14
1.060000e+00 9.576742e-29 6.172525e-10 2.966486e+14
1.070000e+00 9.613743e-29 5.900684e-10 2.835840e+14
1.080000e+00 9.696589e-29 5.633912e-10 2.707631e+14
1.090000e+00 9.793367e-29 5.355672e-10 2.573910e+14
1.100000e+00 9.868713e-29 5.050940e-10 2.427457e+14
1.110000e+00 9.887262e-29 4.708478e-10 2.262872e+14
1.120000e+00 9.813651e-29 4.321349e-10 2.076820e+14
1.130000e+00 9.612515e-29 3.887361e-10 1.868247e+14
1.140000e+00 9.248489e-29 3.409595e-10 1.638635e+14
1.150000e+00 8.696934e-29 2.899767e-10 1.393614e+14
1.160000e+00 7.997709e-29 2.392033e-10 1.149600e+14
1.170000e+00 7.214667e-29 1.920293e-10 9.228838e+13
1.180000e+00 6.411699e-29 1.508042e-10 7.247576e+13
1.190000e+00 5.652700e-29 1.168791e-10 5.617155e+13
1.200000e+00 5.001563e-29 9.071686e-11 4.359809e+13
1.210000e+00 4.522181e-29 7.209851e-11 3.465020e+13
1.220000e+00 4.278446e-29 6.040385e-11 2.902980e+13
1.230000e+00 4.314762e-29 5.466530e-11 2.627188e+13
1.240000e+00 4.595243e-29 5.323797e-11 2.558591e+13
1.250000e+00 5.063335e-29 5.487806e-11 2.637413e+13
1.260000e+00 5.662480e-29 5.881465e-11 2.826604e+13
1.270000e+00 6.336123e-29 6.449696e-11 3.099693e+13
1.280000e+00 7.027709e-29 7.138914e-11 3.430928e+13
1.290000e+00 7.680682e-29 7.882872e-11 3.788471e+13
1.300000e+00 8.238485e-29 8.596320e-11 4.131350e+13
1.310000e+00 8.647091e-29 9.179645e-11 4.411694e+13
1.320000e+00 8.894918e-29 9.571383e-11 4.599961e+13
1.330000e+00 9.005596e-29 9.756350e-11 4.688855e+13
1.340000e+00 9.003821e-29 9.740047e-11 4.681020e+13
1.350000e+00 8.914289e-29 9.551437e-11 4.590375e+13
1.360000e+00 8.761697e-29 9.241289e-11 4.441319e+13
1.370000e+00 8.570741e-29 8.875601e-11 4.265571e+13
1.380000e+00 8.366118e-29 8.525866e-11 4.097490e+13
1.390000e+00 8.172523e-29 8.259064e-11 3.969267e+13
1.400000e+00 8.013696e-29 8.128592e-11 3.906563e+13
1.410000e+00 7.897336e-29 8.154271e-11 3.918903e+13
1.420000e+00 7.817850e-29 8.322072e-11 3.999548e+13
1.430000e+00 7.769244e-29 8.595670e-11 4.131038e+13
1.440000e+00 7.745523e-29 8.919374e-11 4.286608e+13
1.450000e+00 7.740692e-29 9.224515e-11 4.433258e+13
1.460000e+00 7.748756e-29 9.439306e-11 4.536485e+13
1.470000e+00 7.763721e-29 9.500751e-11 4.566016e+13
1.480000e+00 7.779593e-29 9.365392e-11 4.500963e+13
1.490000e+00 7.790376e-29 9.016909e-11 4.333483e+13
1.500000e+00 7.791143e-29 8.469306e-11 4.070308e+13
1.510000e+00 7.781908e-29 7.766406e-11 3.732498e+13
1.520000e+00 7.764113e-29 6.967550e-11 3.348571e+13
1.530000e+00 7.739199e-29 6.134405e-11 2.948166e+13
1.540000e+00 7.708610e-29 5.320779e-11 2.557141e+13
1.550000e+00 7.673786e-29 4.566796e-11 2.194780e+13
1.560000e+00 7.636170e-29 3.896466e-11 1.872623e+13
1.570000e+00 7.597205e-29 3.319439e-11 1.595306e+13
1.580000e+00 7.558332e-29 2.834959e-11 1.362468e+13
1.590000e+00 7.520993e-29 2.436575e-11 1.171006e+13
1.600000e+00 7.486542e-29 2.115714e-11 1.016802e+13
1.610000e+00 7.455298e-29 1.864099e-11 8.958771e+12
1.620000e+00 7.426915e-29 1.675053e-11 8.050223e+12
1.630000e+00 7.401035e-29 1.543368e-11 7.417354e+12
1.640000e+00 7.377302e-29 1.464653e-11 7.039050e+12
1.650000e+00 7.355359e-29 1.434374e-11 6.893532e+12
1.660000e+00 7.334847e-29 1.447123e-11 6.954802e+12
1.670000e+00 7.315410e-29 1.496188e-11 7.190609e+12
1.680000e+00 7.296691e-29 1.573572e-11 7.562514e+12
1.690000e+00 7.278332e-29 1.670504e-11 8.028360e+12
1.700000e+00 7.259975e-29 1.778556e-11 8.547653e+12
1.710000e+00 7.241287e-29 1.891320e-11 9.089595e+12
1.720000e+00 7.222185e-29 2.006466e-11 9.642977e+12
1.730000e+00 7.202746e-29 2.127696e-11 1.022560e+13
1.740000e+00 7.183051e-29 2.265870e-11 1.088966e+13
1.750000e+00 7.163181e-29 2.438543e-11 1.171952e+13
1.760000e+00 7.143215e-29 2.667622e-11 1.282047e+13
1.770000e+00 7.123235e-29 2.974832e-11 1.429690e+13
1.780000e+00 7.103321e-29 3.375504e-11 1.622251e+13
1.790000e+00 7.083553e-29 3.872441e-11 1.861077e+13
1.800000e+00 7.064012e-29 4.450860e-11 2.139062e+13
1.810000e+00 7.044779e-29 5.076489e-11 2.439736e+13
1.820000e+00 7.025933e-29 5.697729e-11 2.738301e+13
1.830000e+00 7.007541e-29 6.252767e-11 3.005050e+13
1.840000e+00 6.989601e-29 6.679438e-11 3.210106e+13
1.850000e+00 6.972089e-29 6.927260e-11 3.329208e+13
1.860000e+00 6.954980e-29 6.968435e-11 3.348997e+13
1.870000e+00 6.938249e-29 6.804969e-11 3.270436e+13
1.880000e+00 6.921871e-29 6.470758e-11 3.109815e+13
1.890000e+00 6.905823e-29 6.027376e-11 2.896728e+13
1.900000e+00 6.890080e-29 5.554458e-11 2.669446e+13
1.910000e+00 6.874617e-29 5.136765e-11 2.468705e+13
1.920000e+00 6.859409e-29 4.849521e-11 2.330657e+13
1.930000e+00 6.844433e-29 4.745544e-11 2.280686e+13
1.940000e+00 6.829663e-29 4.845828e-11 2.328882e+13
1.950000e+00 6.815076e-29 5.135279e-11 2.467991e+13
1.960000e+00 6.800656e-29 5.564650e-11 2.674344e+13
1.970000e+00 6.786406e-29 6.058243e-11 2.911563e+13
1.980000e+00 6.772326e-29 6.526237e-11 3.136478e+13
1.990000e+00 6.758420e-29 6.880047e-11 3.306518e+13
2.000000e+00 6.744689e-29 7.047037e-11 3.386772e+13
2.010000e+00 6.731136e-29 6.982448e-11 3.355731e+13
2.020000e+00 6.717762e-29 6.675858e-11 3.208385e+13
2.030000e+00 6.704569e-29 6.150865e-11 2.956076e+13
2.040000e+00 6.691560e-29 5.458835e-11 2.623490e+13
2.050000e+00 6.678737e-29 4.667883e-11 2.243362e+13
2.060000e+00 6.666101e-29 3.850183e-11 1.850380e+13
2.070000e+00 6.653655e-29 3.070998e-11 1.475907e+13
2.080000e+00 6.641401e-29 2.379998e-11 1.143816e+13
2.090000e+00 6.629340e-29 1.807597e-11 8.687226e+12
2.100000e+00 6.617469e-29 1.365032e-11 6.560280e+12
2.110000e+00 6.605786e-29 1.047650e-11 5.034957e+12
2.120000e+00 6.594286e-29 8.393259e-12 4.033760e+12
2.130000e+00 6.582965e-29 7.176387e-12 3.448937e+12
2.140000e+00 6.571821e-29 6.581420e-12 3.162999e+12
2.150000e+00 6.560849e-29 6.375626e-12 3.064096e+12
2.160000e+00 6.550045e-29 6.360193e-12 3.056678e+12
2.170000e+00 6.539407e-29 6.382160e-12 3.067236e+12
2.180000e+00 6.528929e-29 6.339368e-12 3.046670e+12
2.190000e+00 6.518609e-29 6.179552e-12 2.969863e+12
2.200000e+00 6.508443e-29 5.894857e-12 2.833040e+12
2.210000e+00 6.498428e-29 5.512506e-12 2.649284e+12
2.220000e+00 6.488559e-29 5.083098e-12 2.442912e+12
2.230000e+00 6.478833e-29 4.668210e-12 2.243519e+12
2.240000e+00 6.469247e-29 4.329559e-12 2.080765e+12
2.250000e+00 6.459800e-29 4.120863e-12 1.980467e+12
2.260000e+00 6.450491e-29 4.084161e-12 1.962828e+12
2.270000e+00 6.441317e-29 4.249940e-12 2.042501e+12
2.280000e+00 6.432277e-29 4.640135e-12 2.230026e+12
2.290000e+00 6.423370e-29 5.272505e-12 2.533940e+12
2.300000e+00 6.414594e-29 6.164567e-12 2.962661e+12
2.310000e+00 6.405947e-29 7.335897e-12 3.525597e+12
2.320000e+00 6.397428e-29 8.809474e-12 4.233791e+12
2.330000e+00 6.389035e-29 1.061003e-11 5.099129e+12
2.340000e+00 6.380767e-29 1.276144e-11 6.133088e+12
2.350000e+00 6.372622e-29 1.528301e-11 7.344940e+12
2.360000e+00 6.364599e-29 1.818071e-11 8.737563e+12
2.370000e+00 6.356696e-29 2.143778e-11 1.030290e+13
2.380000e+00 6.348911e-29 2.500142e-11 1.201556e+13
2.390000e+00 6.341242e-29 2.876952e-11 1.382649e+13
2.400000e+00 6.333690e-29 3.257971e-11 1.565765e+13
2.410000e+00 6.326251e-29 3.621149e-11 1.740307e+13
2.420000e+00 6.318925e-29 3.939967e-11 1.893529e+13
2.430000e+00 6.311710e-29 4.186268e-11 2.011900e+13
2.440000e+00 6.304604e-29 4.334682e-11 2.083227e+13
2.450000e+00 6.297607e-29 4.367116e-11 2.098815e+13
2.460000e+00 6.290717e-29 4.276792e-11 2.055406e+13
2.470000e+00 6.283932e-29 4.070636e-11 1.956328e+13
2.480000e+00 6.277251e-29 3.769231e-11 1.811474e+13
2.490000e+00 6.270673e-29 3.404503e-11 1.636188e+13
2.500000e+00 6.264196e-29 3.015436e-11 1.449204e+13
2.510000e+00 6.257819e-29 2.642646e-11 1.270043e+13
2.520000e+00 6.251540e-29 2.323107e-11 1.116474e+13
2.530000e+00 6.245358e-29 2.085668e-11 1.002362e+13
2.540000e+00 6.239271e-29 1.947719e-11 9.360645e+12
2.550000e+00 6.233278e-29 1.913521e-11 9.196291e+12
2.560000e+00 6.227378e-29 1.974077e-11 9.487318e+12
2.570000e+00 6.221570e-29 2.108422e-11 1.013297e+13
2.580000e+00 6.215853e-29 2.286347e-11 1.098807e+13
2.590000e+00 6.210225e-29 2.472337e-11 1.188194e+13
2.600000e+00 6.204685e-29 2.630281e-11 1.264100e+13
2.610000e+00 6.199232e-29 2.728659e-11 1.311381e+13
2.620000e+00 6.193866e-29 2.744952e-11 1.319211e+13
2.630000e+00 6.188584e-29 2.668748e-11 1.282588e+13
2.640000e+00 6.183386e-29 2.502737e-11 1.202803e+13
2.650000e+00 6.178270e-29 2.261405e-11 1.086820e+13
2.660000e+00 6.173237e-29 1.967785e-11 9.457083e+12
2.670000e+00 6.168283e-29 1.648921e-11 7.924637e+12
2.680000e+00 6.163409e-29 1.331293e-11 6.398132e+12
2.690000e+00 6.158612e-29 1.037103e-11 4.984267e+12
2.700000e+00 6.153893e-29 7.818443e-12 3.757506e+12
2.710000e+00 6.149249e-29 5.735800e-12 2.756598e+12
2.720000e+00 6.144680e-29 4.137893e-12 1.988651e+12
2.730000e+00 6.140185e-29 2.988716e-12 1.436362e+12
2.740000e+00 6.135763e-29 2.222007e-12 1.067886e+12
2.750000e+00 6.131412e-29 1.759881e-12 8.457902e+11
2.760000e+00 6.127132e-29 1.527338e-12 7.340313e+11
2.770000e+00 6.122923e-29 1.460939e-12 7.021205e+11
2.780000e+00 6.118783e-29 1.512747e-12 7.270190e+11
2.790000e+00 6.114712e-29 1.649763e-12 7.928681e+11
2.800000e+00 6.110708e-29 1.850653e-12 8.894152e+11
2.810000e+00 6.106771e-29 2.100979e-12 1.009721e+12
2.820000e+00 6.102899e-29 2.388125e-12 1.147721e+12
2.830000e+00 6.099093e-29 2.697123e-12 1.296224e+12
2.840000e+00 6.095352e-29 3.008393e-12 1.445819e+12
2.850000e+00 6.091673e-29 3.297454e-12 1.584741e+12
2.860000e+00 6.088057e-29 3.537317e-12 1.700017e+12
2.870000e+00 6.084503e-29 3.702510e-12 1.779409e+12
2.880000e+00 6.081010e-29 3.773757e-12 1.813650e+12
2.890000e+00 6.077577e-29 3.742066e-12 1.798419e+12
2.900000e+00 6.074203e-29 3.611017e-12 1.735438e+12
2.910000e+00 6.070887e-29 3.396479e-12 1.632332e+12
2.920000e+00 6.067628e-29 3.124099e-12 1.501427e+12
2.930000e+00 6.064427e-29 2.824918e-12 1.357642e+12
2.940000e+00 6.061282e-29 2.530761e-12 1.216272e+12
2.950000e+00 6.058192e-29 2.270383e-12 1.091135e+12
2.960000e+00 6.055158e-29 2.066924e-12 9.933539e+11
2.970000e+00 6.052178e-29 1.937526e-12 9.311656e+11
2.980000e+00 6.049251e-29 1.894306e-12 9.103945e+11
2.990000e+00 6.046377e-29 1.946204e-12 9.353363e+11
3.000000e+00 6.043556e-29 2.100776e-12 1.009623e+12
