3.000000e-01 1.754380e-11 5.701008e+13
3.100000e-01 1.651536e-11 6.112311e+13
3.200000e-01 1.544577e-11 6.478753e+13
3.300000e-01 1.438615e-11 6.793209e+13
3.400000e-01 1.335181e-11 7.040092e+13
3.500000e-01 1.115501e-11 7.135932e+13
3.600000e-01 1.036076e-11 7.202790e+13
3.700000e-01 9.494869e-12 7.117789e+13
3.800000e-01 8.580482e-12 6.892303e+13
3.900000e-01 7.639634e-12 6.544928e+13
4.000000e-01 6.698287e-12 6.102571e+13
4.100000e-01 5.789712e-12 5.602316e+13
4.200000e-01 4.947445e-12 5.085235e+13
4.300000e-01 4.200016e-12 4.591432e+13
4.400000e-01 3.565069e-12 4.153671e+13
4.500000e-01 3.047596e-12 3.794019e+13
4.600000e-01 2.639468e-12 3.520631e+13
4.700000e-01 2.324556e-12 3.330667e+13
4.800000e-01 2.085630e-12 3.217076e+13
4.900000e-01 1.906198e-12 3.170178e+13
5.000000e-01 1.773333e-12 3.181865e+13
5.100000e-01 1.679850e-12 3.250754e+13
5.200000e-01 1.624149e-12 3.384853e+13
5.300000e-01 1.609020e-12 3.602417e+13
5.400000e-01 1.639817e-12 3.930570e+13
5.500000e-01 1.722395e-12 4.401624e+13
5.600000e-01 1.861017e-12 5.047230e+13
5.700000e-01 2.056552e-12 5.891470e+13
5.800000e-01 2.303558e-12 6.939523e+13
5.900000e-01 2.589539e-12 8.171559e+13
6.000000e-01 2.895589e-12 9.541574e+13
6.100000e-01 3.197697e-12 1.097937e+14
6.200000e-01 3.469389e-12 1.239755e+14
6.300000e-01 3.685886e-12 1.370463e+14
6.400000e-01 3.829562e-12 1.482459e+14
6.500000e-01 3.893527e-12 1.571254e+14
6.600000e-01 3.883303e-12 1.636608e+14
6.700000e-01 3.816082e-12 1.683015e+14
6.800000e-01 3.715504e-12 1.718388e+14
6.900000e-01 3.609043e-12 1.753729e+14
7.000000e-01 3.520883e-12 1.800382e+14
7.100000e-01 3.466576e-12 1.867250e+14
7.200000e-01 3.452362e-12 1.959593e+14
7.300000e-01 3.476391e-12 2.078575e+14
7.400000e-01 3.531292e-12 2.221625e+14
7.500000e-01 3.607187e-12 2.383486e+14
7.600000e-01 3.694698e-12 2.557881e+14
7.700000e-01 3.787006e-12 2.739212e+14
7.800000e-01 3.880673e-12 2.923812e+14
7.900000e-01 3.975400e-12 3.110542e+14
8.000000e-01 4.070198e-12 3.298361e+14
8.100000e-01 4.166377e-12 3.488843e+14
8.200000e-01 4.263381e-12 3.682908e+14
8.300000e-01 4.358018e-12 3.879792e+14
8.400000e-01 4.444284e-12 4.076384e+14
8.500000e-01 4.514335e-12 4.267515e+14
8.600000e-01 4.559562e-12 4.446411e+14
8.700000e-01 4.572364e-12 4.605912e+14
8.800000e-01 4.548091e-12 4.740174e+14
8.900000e-01 4.485147e-12 4.844848e+14
9.000000e-01 4.385912e-12 4.918381e+14
9.100000e-01 4.254524e-12 4.960155e+14
9.200000e-01 4.099974e-12 4.974753e+14
9.300000e-01 3.931103e-12 4.967146e+14
9.400000e-01 3.756246e-12 4.942685e+14
9.500000e-01 3.582437e-12 4.906406e+14
9.600000e-01 3.414355e-12 4.861643e+14
9.700000e-01 3.254229e-12 4.809617e+14
9.800000e-01 3.102242e-12 4.749649e+14
9.900000e-01 2.956767e-12 4.679143e+14
1.000000e+00 2.815161e-12 4.594492e+14
1.010000e+00 2.674641e-12 4.492273e+14
1.020000e+00 2.532541e-12 4.369531e+14
1.030000e+00 2.387157e-12 4.225080e+14
1.040000e+00 2.237792e-12 4.059478e+14
1.050000e+00 2.084653e-12 3.874718e+14
1.060000e+00 1.929098e-12 3.674581e+14
1.070000e+00 1.772760e-12 3.462978e+14
1.080000e+00 1.617708e-12 3.244233e+14
1.090000e+00 1.465793e-12 3.021884e+14
1.100000e+00 1.318926e-12 2.799347e+14
1.110000e+00 1.178283e-12 2.578405e+14
1.120000e+00 1.044820e-12 2.360358e+14
1.130000e+00 9.193039e-13 2.146262e+14
1.140000e+00 8.024059e-13 1.937288e+14
1.150000e+00 6.947250e-13 1.734940e+14
1.160000e+00 5.967674e-13 1.541105e+14
1.170000e+00 5.089695e-13 1.358157e+14
1.180000e+00 4.315688e-13 1.188576e+14
1.190000e+00 3.646177e-13 1.034834e+14
1.200000e+00 3.079340e-13 8.990570e+13
1.210000e+00 2.610827e-13 7.827267e+13
1.220000e+00 2.233980e-13 6.865149e+13
1.230000e+00 1.940155e-13 6.102011e+13
1.240000e+00 1.719162e-13 5.527003e+13
1.250000e+00 1.559710e-13 5.121567e+13
1.260000e+00 1.450111e-13 4.861767e+13
1.270000e+00 1.378593e-13 4.719654e+13
1.280000e+00 1.333869e-13 4.665514e+13
1.290000e+00 1.305478e-13 4.669307e+13
1.300000e+00 1.284227e-13 4.702373e+13
1.310000e+00 1.262608e-13 4.739090e+13
1.320000e+00 1.235102e-13 4.758268e+13
1.330000e+00 1.198632e-13 4.745455e+13
1.340000e+00 1.152470e-13 4.693558e+13
1.350000e+00 1.098445e-13 4.605037e+13
1.360000e+00 1.040074e-13 4.489915e+13
1.370000e+00 9.824065e-14 4.366562e+13
1.380000e+00 9.304611e-14 4.255906e+13
1.390000e+00 8.888828e-14 4.180077e+13
1.400000e+00 8.604796e-14 4.155149e+13
1.410000e+00 8.460188e-14 4.188852e+13
1.420000e+00 8.437279e-14 4.276657e+13
1.430000e+00 8.495154e-14 4.401396e+13
1.440000e+00 8.577889e-14 4.536423e+13
1.450000e+00 8.619669e-14 4.647819e+13
1.460000e+00 8.562974e-14 4.704040e+13
1.470000e+00 8.361360e-14 4.677838e+13
1.480000e+00 7.994754e-14 4.555194e+13
1.490000e+00 7.467347e-14 4.334916e+13
1.500000e+00 6.806734e-14 4.028918e+13
1.510000e+00 6.059516e-14 3.660621e+13
1.520000e+00 5.275191e-14 3.256271e+13
1.530000e+00 4.505685e-14 2.845292e+13
1.540000e+00 3.789037e-14 2.450578e+13
1.550000e+00 3.151030e-14 2.089212e+13
1.560000e+00 2.604264e-14 1.771369e+13
1.570000e+00 2.147357e-14 1.498934e+13
1.580000e+00 1.775143e-14 1.271640e+13
1.590000e+00 1.476607e-14 1.085123e+13
1.600000e+00 1.240849e-14 9.347373e+12
1.610000e+00 1.058787e-14 8.167224e+12
1.620000e+00 9.214102e-15 7.268691e+12
1.630000e+00 8.229943e-15 6.630223e+12
1.640000e+00 7.577601e-15 6.225605e+12
1.650000e+00 7.199134e-15 6.024056e+12
1.660000e+00 7.052758e-15 6.004299e+12
1.670000e+00 7.076910e-15 6.125024e+12
1.680000e+00 7.219716e-15 6.349862e+12
1.690000e+00 7.434684e-15 6.644580e+12
1.700000e+00 7.655608e-15 6.954753e+12
1.710000e+00 7.865856e-15 7.268048e+12
1.720000e+00 8.051342e-15 7.573379e+12
1.730000e+00 8.192231e-15 7.852754e+12
1.740000e+00 8.361318e-15 8.176518e+12
1.750000e+00 8.589078e-15 8.577722e+12
1.760000e+00 8.894731e-15 9.080043e+12
1.770000e+00 9.381851e-15 9.796555e+12
1.780000e+00 9.932149e-15 1.061281e+13
1.790000e+00 1.046393e-14 1.144221e+13
1.800000e+00 1.104529e-14 1.235637e+13
1.810000e+00 8.623427e-15 9.863251e+12
1.820000e+00 4.305138e-15 5.029749e+12
1.830000e+00 1.267115e-14 1.509946e+13
1.840000e+00 1.564670e-14 1.899850e+13
1.850000e+00 1.769814e-14 2.186836e+13
1.860000e+00 1.867285e-14 2.345108e+13
1.870000e+00 1.908547e-14 2.433725e+13
1.880000e+00 1.895915e-14 2.452854e+13
1.890000e+00 1.795036e-14 2.355133e+13
1.900000e+00 1.678901e-14 2.233626e+13
1.910000e+00 1.574087e-14 2.124014e+13
1.920000e+00 1.492717e-14 2.043992e+13
1.930000e+00 1.464335e-14 2.036337e+13
1.940000e+00 1.497133e-14 2.116326e+13
1.950000e+00 1.580314e-14 2.273085e+13
1.960000e+00 1.702351e-14 2.494015e+13
1.970000e+00 1.840646e-14 2.749015e+13
1.980000e+00 1.963506e-14 2.991500e+13
1.990000e+00 2.046968e-14 3.182713e+13
2.000000e+00 2.072950e-14 3.289652e+13
2.010000e+00 2.029147e-14 3.285879e+13
2.020000e+00 1.915488e-14 3.163430e+13
2.030000e+00 1.743855e-14 2.934751e+13
2.040000e+00 1.530325e-14 2.621642e+13
2.050000e+00 1.293929e-14 2.253812e+13
2.060000e+00 1.069287e-14 1.862522e+13
2.070000e+00 8.443002e-15 1.493465e+13
2.080000e+00 6.484525e-15 1.163504e+13
2.090000e+00 4.880548e-15 8.874005e+12
2.100000e+00 3.654614e-15 6.728603e+12
2.110000e+00 2.782509e-15 5.184998e+12
2.120000e+00 2.210644e-15 4.168625e+12
2.130000e+00 1.873293e-15 3.575291e+12
2.140000e+00 1.701861e-15 3.288933e+12
2.150000e+00 1.631864e-15 3.195474e+12
2.160000e+00 1.609011e-15 3.195194e+12
2.170000e+00 1.594273e-15 3.213585e+12
2.180000e+00 1.562205e-15 3.199291e+12
2.190000e+00 1.500448e-15 3.124533e+12
2.200000e+00 1.409045e-15 2.985543e+12
2.210000e+00 1.296574e-15 2.796490e+12
2.220000e+00 1.176227e-15 2.582775e+12
2.230000e+00 1.062416e-15 2.374654e+12
2.240000e+00 9.695435e-16 2.204878e+12
2.250000e+00 9.086645e-16 2.100961e+12
2.260000e+00 8.873943e-16 2.084119e+12
2.270000e+00 9.106872e-16 2.170213e+12
2.280000e+00 9.816827e-16 2.371084e+12
2.290000e+00 1.102474e-15 2.696015e+12
2.300000e+00 1.274825e-15 3.153377e+12
2.310000e+00 1.501375e-15 3.753774e+12
2.320000e+00 1.785148e-15 4.509230e+12
2.330000e+00 2.129067e-15 5.432347e+12
2.340000e+00 2.534837e-15 6.533794e+12
2.350000e+00 3.003817e-15 7.824749e+12
2.360000e+00 3.533672e-15 9.308213e+12
2.370000e+00 4.116867e-15 1.097443e+13
2.380000e+00 4.738943e-15 1.279505e+13
2.390000e+00 5.377791e-15 1.471918e+13
2.400000e+00 6.001099e-15 1.666369e+13
2.410000e+00 6.567546e-15 1.851324e+13
2.420000e+00 7.032147e-15 2.013235e+13
2.430000e+00 7.351612e-15 2.137934e+13
2.440000e+00 7.490533e-15 2.212526e+13
2.450000e+00 7.427622e-15 2.227558e+13
2.460000e+00 7.163274e-15 2.179844e+13
2.470000e+00 6.719686e-15 2.073202e+13
2.480000e+00 6.138307e-15 1.918252e+13
2.490000e+00 5.474332e-15 1.731072e+13
2.500000e+00 4.791995e-15 1.531801e+13
2.510000e+00 4.154027e-15 1.341159e+13
2.520000e+00 3.614627e-15 1.177878e+13
2.530000e+00 3.213287e-15 1.056366e+13
2.540000e+00 2.971702e-15 9.854012e+12
2.550000e+00 2.891044e-15 9.670246e+12
2.560000e+00 2.952482e-15 9.965193e+12
2.570000e+00 3.119677e-15 1.063058e+13
2.580000e+00 3.344224e-15 1.151315e+13
2.590000e+00 3.572076e-15 1.243405e+13
2.600000e+00 3.750807e-15 1.321174e+13
2.610000e+00 3.837321e-15 1.368777e+13
2.620000e+00 3.804207e-15 1.375023e+13
2.630000e+00 3.643309e-15 1.334982e+13
2.640000e+00 3.364868e-15 1.250190e+13
2.650000e+00 2.994307e-15 1.128026e+13
2.660000e+00 2.566535e-15 9.800802e+12
2.670000e+00 2.119554e-15 8.200250e+12
2.680000e+00 1.687719e-15 6.610654e+12
2.690000e+00 1.297746e-15 5.142002e+12
2.700000e+00 9.664559e-16 3.870194e+12
2.710000e+00 7.010170e-16 2.834680e+12
2.720000e+00 5.004163e-16 2.041678e+12
2.730000e+00 3.578757e-16 1.472283e+12
2.740000e+00 2.635426e-16 1.092760e+12
2.750000e+00 2.067835e-16 8.640099e+11
2.760000e+00 1.777770e-16 7.485625e+11
2.770000e+00 1.684066e-16 7.147971e+11
2.780000e+00 1.726095e-16 7.388716e+11
2.790000e+00 1.862010e-16 8.043456e+11
2.800000e+00 2.064585e-16 9.006721e+11
2.810000e+00 2.314987e-16 1.020668e+12
2.820000e+00 2.597126e-16 1.158090e+12
2.830000e+00 2.893042e-16 1.305520e+12
2.840000e+00 3.181267e-16 1.453468e+12
2.850000e+00 3.436749e-16 1.590154e+12
2.860000e+00 3.633589e-16 1.702647e+12
2.870000e+00 3.749165e-16 1.778821e+12
2.880000e+00 3.768302e-16 1.809546e+12
2.890000e+00 3.687044e-16 1.790884e+12
2.900000e+00 3.513257e-16 1.724832e+12
2.910000e+00 3.265655e-16 1.619230e+12
2.920000e+00 2.970691e-16 1.486456e+12
2.930000e+00 2.658453e-16 1.341422e+12
2.940000e+00 2.358434e-16 1.199346e+12
2.950000e+00 2.096045e-16 1.073810e+12
2.960000e+00 1.890791e-16 9.756407e+11
2.970000e+00 1.756115e-16 9.127029e+11
2.980000e+00 1.700724e-16 8.905231e+11
2.990000e+00 1.730071e-16 9.130565e+11
3.000000e+00 1.847975e-16 9.835679e+11
