3.000000e-01 1.959789e-27 6.380144e-10 1.811211e+13
3.100000e-01 1.961321e-27 6.932374e-10 1.967980e+13
3.200000e-01 1.963881e-27 7.450903e-10 2.115181e+13
3.300000e-01 1.965919e-27 7.914902e-10 2.246902e+13
3.400000e-01 1.967511e-27 8.301918e-10 2.356769e+13
3.500000e-01 1.969299e-27 8.586960e-10 2.437688e+13
3.600000e-01 1.971684e-27 8.743826e-10 2.482219e+13
3.700000e-01 1.974908e-27 8.751528e-10 2.484405e+13
3.800000e-01 1.979423e-27 8.602058e-10 2.441974e+13
3.900000e-01 1.986043e-27 8.305247e-10 2.357714e+13
4.000000e-01 1.995554e-27 7.887751e-10 2.239194e+13
4.100000e-01 2.008194e-27 7.388309e-10 2.097411e+13
4.200000e-01 2.023923e-27 6.853830e-10 1.945682e+13
4.300000e-01 2.042578e-27 6.333141e-10 1.797868e+13
4.400000e-01 2.063589e-27 5.869088e-10 1.666131e+13
4.500000e-01 2.086293e-27 5.494027e-10 1.559658e+13
4.600000e-01 2.109071e-27 5.224431e-10 1.483124e+13
4.700000e-01 2.127875e-27 5.057791e-10 1.435818e+13
4.800000e-01 2.138273e-27 4.980666e-10 1.413924e+13
4.900000e-01 2.140037e-27 4.983583e-10 1.414752e+13
5.000000e-01 2.147021e-27 5.091107e-10 1.445276e+13
5.100000e-01 2.176028e-27 5.347702e-10 1.518119e+13
5.200000e-01 2.230077e-27 5.788387e-10 1.643222e+13
5.300000e-01 2.285470e-27 6.403094e-10 1.817726e+13
5.400000e-01 2.356687e-27 7.305223e-10 2.073825e+13
5.500000e-01 2.386846e-27 8.400241e-10 2.384681e+13
5.600000e-01 2.403360e-27 9.831327e-10 2.790942e+13
5.700000e-01 2.403432e-27 1.162846e-09 3.301115e+13
5.800000e-01 2.395998e-27 1.383473e-09 3.927437e+13
5.900000e-01 2.389843e-27 1.646683e-09 4.674646e+13
6.000000e-01 2.388913e-27 1.948194e-09 5.530582e+13
6.100000e-01 2.391410e-27 2.274834e-09 6.457855e+13
6.200000e-01 2.395207e-27 2.607920e-09 7.403427e+13
6.300000e-01 2.398201e-27 2.925944e-09 8.306241e+13
6.400000e-01 2.399382e-27 3.209767e-09 9.111966e+13
6.500000e-01 2.399179e-27 3.447902e-09 9.787991e+13
6.600000e-01 2.398122e-27 3.638367e-09 1.032869e+14
6.700000e-01 2.396740e-27 3.789803e-09 1.075859e+14
6.800000e-01 2.395431e-27 3.920197e-09 1.112875e+14
6.900000e-01 2.394171e-27 4.053165e-09 1.150622e+14
7.000000e-01 2.392854e-27 4.213832e-09 1.196233e+14
7.100000e-01 2.391373e-27 4.424018e-09 1.255901e+14
7.200000e-01 2.389622e-27 4.698177e-09 1.333730e+14
7.300000e-01 2.387563e-27 5.041309e-09 1.431139e+14
7.400000e-01 2.385229e-27 5.449195e-09 1.546931e+14
7.500000e-01 2.382657e-27 5.910665e-09 1.677934e+14
7.600000e-01 2.379886e-27 6.411404e-09 1.820085e+14
7.700000e-01 2.376951e-27 6.938059e-09 1.969593e+14
7.800000e-01 2.373869e-27 7.481362e-09 2.123828e+14
7.900000e-01 2.370640e-27 8.037549e-09 2.281719e+14
8.000000e-01 2.367259e-27 8.607635e-09 2.443557e+14
8.100000e-01 2.363725e-27 9.194957e-09 2.610287e+14
8.200000e-01 2.360034e-27 9.801752e-09 2.782546e+14
8.300000e-01 2.356190e-27 1.042599e-08 2.959755e+14
8.400000e-01 2.352205e-27 1.105944e-08 3.139581e+14
8.500000e-01 2.348095e-27 1.168751e-08 3.317878e+14
8.600000e-01 2.343873e-27 1.229090e-08 3.489170e+14
8.700000e-01 2.339555e-27 1.284870e-08 3.647520e+14
8.800000e-01 2.335154e-27 1.334189e-08 3.787530e+14
8.900000e-01 2.330676e-27 1.375654e-08 3.905241e+14
9.000000e-01 2.326120e-27 1.408582e-08 3.998718e+14
9.100000e-01 2.321485e-27 1.433068e-08 4.068230e+14
9.200000e-01 2.316769e-27 1.449896e-08 4.116002e+14
9.300000e-01 2.311972e-27 1.460321e-08 4.145595e+14
9.400000e-01 2.307093e-27 1.465776e-08 4.161082e+14
9.500000e-01 2.302135e-27 1.467569e-08 4.166172e+14
9.600000e-01 2.297101e-27 1.466607e-08 4.163441e+14
9.700000e-01 2.291998e-27 1.463220e-08 4.153825e+14
9.800000e-01 2.286830e-27 1.457110e-08 4.136479e+14
9.900000e-01 2.281604e-27 1.447437e-08 4.109019e+14
1.000000e+00 2.276323e-27 1.433023e-08 4.068101e+14
1.010000e+00 2.270993e-27 1.412630e-08 4.010210e+14
1.020000e+00 2.265618e-27 1.385240e-08 3.932454e+14
1.030000e+00 2.260202e-27 1.350287e-08 3.833228e+14
1.040000e+00 2.254747e-27 1.307776e-08 3.712546e+14
1.050000e+00 2.249259e-27 1.258272e-08 3.572013e+14
1.060000e+00 2.243740e-27 1.202775e-08 3.414468e+14
1.070000e+00 2.238195e-27 1.142548e-08 3.243494e+14
1.080000e+00 2.232625e-27 1.078881e-08 3.062755e+14
1.090000e+00 2.227033e-27 1.012921e-08 2.875505e+14
1.100000e+00 2.221420e-27 9.456036e-09 2.684403e+14
1.110000e+00 2.215786e-27 8.776049e-09 2.491367e+14
1.120000e+00 2.210132e-27 8.094195e-09 2.297800e+14
1.130000e+00 2.204459e-27 7.414583e-09 2.104870e+14
1.140000e+00 2.198769e-27 6.741841e-09 1.913891e+14
1.150000e+00 2.193063e-27 6.081557e-09 1.726448e+14
1.160000e+00 2.187341e-27 5.441076e-09 1.544626e+14
1.170000e+00 2.181606e-27 4.829414e-09 1.370986e+14
1.180000e+00 2.175859e-27 4.256354e-09 1.208304e+14
1.190000e+00 2.170102e-27 3.731882e-09 1.059416e+14
1.200000e+00 2.164336e-27 3.264930e-09 9.268563e+13
1.210000e+00 2.158564e-27 2.862267e-09 8.125475e+13
1.220000e+00 2.152787e-27 2.527821e-09 7.176042e+13
1.230000e+00 2.147006e-27 2.262325e-09 6.422344e+13
1.240000e+00 2.141223e-27 2.063201e-09 5.857068e+13
1.250000e+00 2.135438e-27 1.924935e-09 5.464552e+13
1.260000e+00 2.129654e-27 1.839733e-09 5.222679e+13
1.270000e+00 2.123871e-27 1.798086e-09 5.104452e+13
1.280000e+00 2.118090e-27 1.789491e-09 5.080052e+13
1.290000e+00 2.112312e-27 1.803058e-09 5.118566e+13
1.300000e+00 2.106539e-27 1.828107e-09 5.189676e+13
1.310000e+00 2.100772e-27 1.854819e-09 5.265507e+13
1.320000e+00 2.095011e-27 1.874934e-09 5.322608e+13
1.330000e+00 2.089256e-27 1.882493e-09 5.344069e+13
1.340000e+00 2.083508e-27 1.874546e-09 5.321508e+13
1.350000e+00 2.077765e-27 1.851592e-09 5.256346e+13
1.360000e+00 2.072029e-27 1.817637e-09 5.159952e+13
1.370000e+00 2.066300e-27 1.779670e-09 5.052171e+13
1.380000e+00 2.060576e-27 1.746506e-09 4.958023e+13
1.390000e+00 2.054859e-27 1.727124e-09 4.903002e+13
1.400000e+00 2.049148e-27 1.728712e-09 4.907510e+13
1.410000e+00 2.043444e-27 1.754826e-09 4.981644e+13
1.420000e+00 2.037749e-27 1.804104e-09 5.121535e+13
1.430000e+00 2.032063e-27 1.869842e-09 5.308155e+13
1.440000e+00 2.026389e-27 1.940766e-09 5.509496e+13
1.450000e+00 2.020728e-27 2.002804e-09 5.685609e+13
1.460000e+00 2.015081e-27 2.041584e-09 5.795700e+13
1.470000e+00 2.009449e-27 2.045181e-09 5.805911e+13
1.480000e+00 2.003834e-27 2.006308e-09 5.695558e+13
1.490000e+00 1.998238e-27 1.923593e-09 5.460745e+13
1.500000e+00 1.992661e-27 1.801553e-09 5.114293e+13
1.510000e+00 1.987104e-27 1.649383e-09 4.682309e+13
1.520000e+00 1.981566e-27 1.478985e-09 4.198578e+13
1.530000e+00 1.976047e-27 1.302688e-09 3.698104e+13
1.540000e+00 1.970546e-27 1.131235e-09 3.211377e+13
1.550000e+00 1.965064e-27 9.726248e-10 2.761112e+13
1.560000e+00 1.959598e-27 8.316281e-10 2.360847e+13
1.570000e+00 1.954150e-27 7.101263e-10 2.015924e+13
1.580000e+00 1.948719e-27 6.079067e-10 1.725741e+13
1.590000e+00 1.943305e-27 5.236152e-10 1.486452e+13
1.600000e+00 1.937906e-27 4.554862e-10 1.293046e+13
1.610000e+00 1.932524e-27 4.018794e-10 1.140865e+13
1.620000e+00 1.927158e-27 3.614966e-10 1.026226e+13
1.630000e+00 1.921810e-27 3.333145e-10 9.462215e+12
1.640000e+00 1.916478e-27 3.164519e-10 8.983515e+12
1.650000e+00 1.911164e-27 3.099726e-10 8.799579e+12
1.660000e+00 1.905868e-27 3.127332e-10 8.877948e+12
1.670000e+00 1.900591e-27 3.232980e-10 9.177864e+12
1.680000e+00 1.895332e-27 3.399484e-10 9.650539e+12
1.690000e+00 1.890093e-27 3.607991e-10 1.024246e+13
1.700000e+00 1.884872e-27 3.840441e-10 1.090234e+13
1.710000e+00 1.879672e-27 4.083177e-10 1.159142e+13
1.720000e+00 1.874492e-27 4.331251e-10 1.229566e+13
1.730000e+00 1.869331e-27 4.592662e-10 1.303776e+13
1.740000e+00 1.864191e-27 4.890836e-10 1.388423e+13
1.750000e+00 1.859070e-27 5.263651e-10 1.494258e+13
1.760000e+00 1.853970e-27 5.758378e-10 1.634703e+13
1.770000e+00 1.848890e-27 6.421892e-10 1.823063e+13
1.780000e+00 1.843830e-27 7.287269e-10 2.068728e+13
1.790000e+00 1.838791e-27 8.360509e-10 2.373402e+13
1.800000e+00 1.833771e-27 9.609580e-10 2.727991e+13
1.810000e+00 1.828772e-27 1.096030e-09 3.111438e+13
1.820000e+00 1.823794e-27 1.230100e-09 3.492038e+13
1.830000e+00 1.818836e-27 1.349792e-09 3.831823e+13
1.840000e+00 1.813898e-27 1.441674e-09 4.092661e+13
1.850000e+00 1.808981e-27 1.494856e-09 4.243634e+13
1.860000e+00 1.804084e-27 1.503360e-09 4.267775e+13
1.870000e+00 1.799207e-27 1.467656e-09 4.166419e+13
1.880000e+00 1.794351e-27 1.395102e-09 3.960450e+13
1.890000e+00 1.789516e-27 1.299018e-09 3.687684e+13
1.900000e+00 1.784700e-27 1.196601e-09 3.396942e+13
1.910000e+00 1.779905e-27 1.106127e-09 3.140100e+13
1.920000e+00 1.775131e-27 1.043781e-09 2.963111e+13
1.930000e+00 1.770377e-27 1.020895e-09 2.898142e+13
1.940000e+00 1.765643e-27 1.041930e-09 2.957857e+13
1.950000e+00 1.760930e-27 1.103576e-09 3.132859e+13
1.960000e+00 1.756237e-27 1.195190e-09 3.392935e+13
1.970000e+00 1.751564e-27 1.300468e-09 3.691802e+13
1.980000e+00 1.746912e-27 1.400112e-09 3.974673e+13
1.990000e+00 1.742280e-27 1.475132e-09 4.187641e+13
2.000000e+00 1.737667e-27 1.510004e-09 4.286636e+13
2.010000e+00 1.733075e-27 1.495215e-09 4.244653e+13
2.020000e+00 1.728503e-27 1.428629e-09 4.055628e+13
2.030000e+00 1.723951e-27 1.315398e-09 3.734184e+13
2.040000e+00 1.719419e-27 1.166598e-09 3.311767e+13
2.050000e+00 1.714907e-27 9.968574e-10 2.829904e+13
2.060000e+00 1.710415e-27 8.216327e-10 2.332471e+13
2.070000e+00 1.705942e-27 6.548628e-10 1.859041e+13
2.080000e+00 1.701489e-27 5.071225e-10 1.439632e+13
2.090000e+00 1.697056e-27 3.848525e-10 1.092529e+13
2.100000e+00 1.692642e-27 2.903909e-10 8.243688e+12
2.110000e+00 1.688248e-27 2.226870e-10 6.321695e+12
2.120000e+00 1.683874e-27 1.782539e-10 5.060317e+12
2.130000e+00 1.679518e-27 1.522775e-10 4.322893e+12
2.140000e+00 1.675183e-27 1.395285e-10 3.960970e+12
2.150000e+00 1.670867e-27 1.350428e-10 3.833628e+12
2.160000e+00 1.666570e-27 1.345911e-10 3.820805e+12
2.170000e+00 1.662292e-27 1.349284e-10 3.830382e+12
2.180000e+00 1.658034e-27 1.338949e-10 3.801043e+12
2.190000e+00 1.653794e-27 1.303918e-10 3.701596e+12
2.200000e+00 1.649574e-27 1.242610e-10 3.527552e+12
2.210000e+00 1.645373e-27 1.160839e-10 3.295419e+12
2.220000e+00 1.641192e-27 1.069317e-10 3.035603e+12
2.230000e+00 1.637029e-27 9.810174e-11 2.784937e+12
2.240000e+00 1.632885e-27 9.088919e-11 2.580185e+12
2.250000e+00 1.628760e-27 8.641575e-11 2.453192e+12
2.260000e+00 1.624654e-27 8.555348e-11 2.428713e+12
2.270000e+00 1.620566e-27 8.892864e-11 2.524528e+12
2.280000e+00 1.616497e-27 9.698566e-11 2.753253e+12
2.290000e+00 1.612446e-27 1.100794e-10 3.124962e+12
2.300000e+00 1.608414e-27 1.285577e-10 3.649529e+12
2.310000e+00 1.604401e-27 1.528092e-10 4.337986e+12
2.320000e+00 1.600405e-27 1.832911e-10 5.203313e+12
2.330000e+00 1.596428e-27 2.204943e-10 6.259447e+12
2.340000e+00 1.592469e-27 2.648894e-10 7.519745e+12
2.350000e+00 1.588527e-27 3.168488e-10 8.994784e+12
2.360000e+00 1.584604e-27 3.764674e-10 1.068725e+13
2.370000e+00 1.580698e-27 4.433679e-10 1.258644e+13
2.380000e+00 1.576810e-27 5.164304e-10 1.466055e+13
2.390000e+00 1.572940e-27 5.935227e-10 1.684907e+13
2.400000e+00 1.569088e-27 6.712811e-10 1.905649e+13
2.410000e+00 1.565252e-27 7.451628e-10 2.115387e+13
2.420000e+00 1.561435e-27 8.097295e-10 2.298680e+13
2.430000e+00 1.557634e-27 8.592356e-10 2.439219e+13
2.440000e+00 1.553851e-27 8.885371e-10 2.522401e+13
2.450000e+00 1.550085e-27 8.940080e-10 2.537932e+13
2.460000e+00 1.546336e-27 8.743566e-10 2.482145e+13
2.470000e+00 1.542604e-27 8.310977e-10 2.359341e+13
2.480000e+00 1.538889e-27 7.685238e-10 2.181704e+13
2.490000e+00 1.535191e-27 6.932163e-10 1.967920e+13
2.500000e+00 1.531510e-27 6.131566e-10 1.740644e+13
2.510000e+00 1.527845e-27 5.366141e-10 1.523353e+13
2.520000e+00 1.524197e-27 4.710751e-10 1.337300e+13
2.530000e+00 1.520566e-27 4.223377e-10 1.198943e+13
2.540000e+00 1.516951e-27 3.938500e-10 1.118071e+13
2.550000e+00 1.513353e-27 3.863880e-10 1.096888e+13
2.560000e+00 1.509770e-27 3.980489e-10 1.129991e+13
2.570000e+00 1.506205e-27 4.245299e-10 1.205166e+13
2.580000e+00 1.502655e-27 4.596925e-10 1.304987e+13
2.590000e+00 1.499121e-27 4.963683e-10 1.409103e+13
2.600000e+00 1.495604e-27 5.273098e-10 1.496940e+13
2.610000e+00 1.492102e-27 5.462316e-10 1.550656e+13
2.620000e+00 1.488617e-27 5.486844e-10 1.557619e+13
2.630000e+00 1.485147e-27 5.326629e-10 1.512137e+13
2.640000e+00 1.481693e-27 4.987854e-10 1.415964e+13
2.650000e+00 1.478254e-27 4.500154e-10 1.277515e+13
2.660000e+00 1.474831e-27 3.909975e-10 1.109973e+13
2.670000e+00 1.471424e-27 3.271449e-10 9.287072e+12
2.680000e+00 1.468032e-27 2.637273e-10 7.486756e+12
2.690000e+00 1.464655e-27 2.051357e-10 5.823443e+12
2.700000e+00 1.461294e-27 1.544097e-10 4.383422e+12
2.710000e+00 1.457948e-27 1.131047e-10 3.210844e+12
2.720000e+00 1.454616e-27 8.146953e-11 2.312777e+12
2.730000e+00 1.451300e-27 5.875262e-11 1.667884e+12
2.740000e+00 1.447999e-27 4.361261e-11 1.238086e+12
2.750000e+00 1.444713e-27 3.448825e-11 9.790610e+11
2.760000e+00 1.441442e-27 2.988421e-11 8.483603e+11
2.770000e+00 1.438185e-27 2.854007e-11 8.102025e+11
2.780000e+00 1.434943e-27 2.950548e-11 8.376090e+11
2.790000e+00 1.431716e-27 3.212692e-11 9.120269e+11
2.800000e+00 1.428503e-27 3.598168e-11 1.021457e+12
2.810000e+00 1.425304e-27 4.078350e-11 1.157772e+12
2.820000e+00 1.422120e-27 4.628323e-11 1.313900e+12
2.830000e+00 1.418950e-27 5.218783e-11 1.481521e+12
2.840000e+00 1.415794e-27 5.811692e-11 1.649838e+12
2.850000e+00 1.412652e-27 6.359810e-11 1.805439e+12
2.860000e+00 1.409524e-27 6.811371e-11 1.933629e+12
2.870000e+00 1.406410e-27 7.117869e-11 2.020638e+12
2.880000e+00 1.403310e-27 7.243005e-11 2.056162e+12
2.890000e+00 1.400224e-27 7.170432e-11 2.035560e+12
2.900000e+00 1.397151e-27 6.907972e-11 1.961052e+12
2.910000e+00 1.394093e-27 6.486870e-11 1.841509e+12
2.920000e+00 1.391047e-27 5.956820e-11 1.691037e+12
2.930000e+00 1.388015e-27 5.377458e-11 1.526566e+12
2.940000e+00 1.384997e-27 4.809525e-11 1.365340e+12
2.950000e+00 1.381991e-27 4.307529e-11 1.222832e+12
2.960000e+00 1.378999e-27 3.914984e-11 1.111395e+12
2.970000e+00 1.376021e-27 3.663765e-11 1.040079e+12
2.980000e+00 1.373055e-27 3.576049e-11 1.015178e+12
2.990000e+00 1.370103e-27 3.667863e-11 1.041242e+12
3.000000e+00 1.367164e-27 3.952523e-11 1.122052e+12
