3.000000e-01 1.293291e-09 1.293291e-09
3.100000e-01 1.427910e-09 1.427910e-09
3.200000e-01 1.556992e-09 1.556992e-09
3.300000e-01 1.676679e-09 1.676679e-09
3.400000e-01 1.781523e-09 1.781523e-09
3.500000e-01 1.864811e-09 1.864811e-09
3.600000e-01 1.919542e-09 1.919542e-09
3.700000e-01 1.939894e-09 1.939894e-09
3.800000e-01 1.922754e-09 1.922754e-09
3.900000e-01 1.868864e-09 1.868864e-09
4.000000e-01 1.783249e-09 1.783249e-09
4.100000e-01 1.674719e-09 1.674719e-09
4.200000e-01 1.554569e-09 1.554569e-09
4.300000e-01 1.434770e-09 1.434770e-09
4.400000e-01 1.326088e-09 1.326088e-09
4.500000e-01 1.236634e-09 1.236634e-09
4.600000e-01 1.171086e-09 1.171086e-09
4.700000e-01 1.130728e-09 1.130728e-09
4.800000e-01 1.114361e-09 1.114361e-09
4.900000e-01 1.119807e-09 1.119807e-09
5.000000e-01 1.145822e-09 1.145822e-09
5.100000e-01 1.193486e-09 1.193486e-09
5.200000e-01 1.267124e-09 1.267124e-09
5.300000e-01 1.374513e-09 1.374513e-09
5.400000e-01 1.528408e-09 1.528408e-09
5.500000e-01 1.742013e-09 1.742013e-09
5.600000e-01 2.031561e-09 2.031561e-09
5.700000e-01 2.409570e-09 2.409570e-09
5.800000e-01 2.882626e-09 2.882626e-09
5.900000e-01 3.447631e-09 3.447631e-09
6.000000e-01 4.089272e-09 4.089272e-09
6.100000e-01 4.779582e-09 4.779582e-09
6.200000e-01 5.480970e-09 5.480970e-09
6.300000e-01 6.151994e-09 6.151994e-09
6.400000e-01 6.755402e-09 6.755402e-09
6.500000e-01 7.266574e-09 7.266574e-09
6.600000e-01 7.679966e-09 7.679966e-09
6.700000e-01 8.011984e-09 8.011984e-09
6.800000e-01 8.299059e-09 8.299059e-09
6.900000e-01 8.591048e-09 8.591048e-09
7.000000e-01 8.941587e-09 8.941587e-09
7.100000e-01 9.397569e-09 9.397569e-09
7.200000e-01 9.990468e-09 9.990468e-09
7.300000e-01 1.073157e-08 1.073157e-08
7.400000e-01 1.161227e-08 1.161227e-08
7.500000e-01 1.260905e-08 1.260905e-08
7.600000e-01 1.369156e-08 1.369156e-08
7.700000e-01 1.483128e-08 1.483128e-08
7.800000e-01 1.600843e-08 1.600843e-08
7.900000e-01 1.721503e-08 1.721503e-08
8.000000e-01 1.845337e-08 1.845337e-08
8.100000e-01 1.973076e-08 1.973076e-08
8.200000e-01 2.105217e-08 2.105217e-08
8.300000e-01 2.241339e-08 2.241339e-08
8.400000e-01 2.379671e-08 2.379671e-08
8.500000e-01 2.517056e-08 2.517056e-08
8.600000e-01 2.649314e-08 2.649314e-08
8.700000e-01 2.771896e-08 2.771896e-08
8.800000e-01 2.880649e-08 2.880649e-08
8.900000e-01 2.972520e-08 2.972520e-08
9.000000e-01 3.046005e-08 3.046005e-08
9.100000e-01 3.101288e-08 3.101288e-08
9.200000e-01 3.140040e-08 3.140040e-08
9.300000e-01 3.164965e-08 3.164965e-08
9.400000e-01 3.179162e-08 3.179162e-08
9.500000e-01 3.185435e-08 3.185435e-08
9.600000e-01 3.185695e-08 3.185695e-08
9.700000e-01 3.180611e-08 3.180611e-08
9.800000e-01 3.169481e-08 3.169481e-08
9.900000e-01 3.150427e-08 3.150427e-08
1.000000e+00 3.120834e-08 3.120834e-08
1.010000e+00 3.077993e-08 3.077993e-08
1.020000e+00 3.019773e-08 3.019773e-08
1.030000e+00 2.945048e-08 2.945048e-08
1.040000e+00 2.853919e-08 2.853919e-08
1.050000e+00 2.747692e-08 2.747692e-08
1.060000e+00 2.628601e-08 2.628601e-08
1.070000e+00 2.499432e-08 2.499432e-08
1.080000e+00 2.362876e-08 2.362876e-08
1.090000e+00 2.221062e-08 2.221062e-08
1.100000e+00 2.075716e-08 2.075716e-08
1.110000e+00 1.928077e-08 1.928077e-08
1.120000e+00 1.779079e-08 1.779079e-08
1.130000e+00 1.629558e-08 1.629558e-08
1.140000e+00 1.480554e-08 1.480554e-08
1.150000e+00 1.333451e-08 1.333451e-08
1.160000e+00 1.190379e-08 1.190379e-08
1.170000e+00 1.053822e-08 1.053822e-08
1.180000e+00 9.262583e-09 9.262583e-09
1.190000e+00 8.100456e-09 8.100456e-09
1.200000e+00 7.071766e-09 7.071766e-09
1.210000e+00 6.190752e-09 6.190752e-09
1.220000e+00 5.464981e-09 5.464981e-09
1.230000e+00 4.894666e-09 4.894666e-09
1.240000e+00 4.471862e-09 4.471862e-09
1.250000e+00 4.183017e-09 4.183017e-09
1.260000e+00 4.010497e-09 4.010497e-09
1.270000e+00 3.933332e-09 3.933332e-09
1.280000e+00 3.928416e-09 3.928416e-09
1.290000e+00 3.971559e-09 3.971559e-09
1.300000e+00 4.038655e-09 4.038655e-09
1.310000e+00 4.107148e-09 4.107148e-09
1.320000e+00 4.158400e-09 4.158400e-09
1.330000e+00 4.179425e-09 4.179425e-09
1.340000e+00 4.163978e-09 4.163978e-09
1.350000e+00 4.113566e-09 4.113566e-09
1.360000e+00 4.037551e-09 4.037551e-09
1.370000e+00 3.951947e-09 3.951947e-09
1.380000e+00 3.876783e-09 3.876783e-09
1.390000e+00 3.832401e-09 3.832401e-09
1.400000e+00 3.835110e-09 3.835110e-09
1.410000e+00 3.892908e-09 3.892908e-09
1.420000e+00 4.002702e-09 4.002702e-09
1.430000e+00 4.149583e-09 4.149583e-09
1.440000e+00 4.308489e-09 4.308489e-09
1.450000e+00 4.448113e-09 4.448113e-09
1.460000e+00 4.536408e-09 4.536408e-09
1.470000e+00 4.546679e-09 4.546679e-09
1.480000e+00 4.462483e-09 4.462483e-09
1.490000e+00 4.280508e-09 4.280508e-09
1.500000e+00 4.010599e-09 4.010599e-09
1.510000e+00 3.673169e-09 3.673169e-09
1.520000e+00 3.294733e-09 3.294733e-09
1.530000e+00 2.902799e-09 2.902799e-09
1.540000e+00 2.521357e-09 2.521357e-09
1.550000e+00 2.168309e-09 2.168309e-09
1.560000e+00 1.854345e-09 1.854345e-09
1.570000e+00 1.583716e-09 1.583716e-09
1.580000e+00 1.355989e-09 1.355989e-09
1.590000e+00 1.168180e-09 1.168180e-09
1.600000e+00 1.016376e-09 1.016376e-09
1.610000e+00 8.969346e-10 8.969346e-10
1.620000e+00 8.069726e-10 8.069726e-10
1.630000e+00 7.442197e-10 7.442197e-10
1.640000e+00 7.067228e-10 7.067228e-10
1.650000e+00 6.924057e-10 6.924057e-10
1.660000e+00 6.987276e-10 6.987276e-10
1.670000e+00 7.224928e-10 7.224928e-10
1.680000e+00 7.598699e-10 7.598699e-10
1.690000e+00 8.066516e-10 8.066516e-10
1.700000e+00 8.588030e-10 8.588030e-10
1.710000e+00 9.132709e-10 9.132709e-10
1.720000e+00 9.689483e-10 9.689483e-10
1.730000e+00 1.027625e-09 1.027625e-09
1.740000e+00 1.094544e-09 1.094544e-09
1.750000e+00 1.178188e-09 1.178188e-09
1.760000e+00 1.289148e-09 1.289148e-09
1.770000e+00 1.437934e-09 1.437934e-09
1.780000e+00 1.631970e-09 1.631970e-09
1.790000e+00 1.872620e-09 1.872620e-09
1.800000e+00 2.152729e-09 2.152729e-09
1.810000e+00 2.455695e-09 2.455695e-09
1.820000e+00 2.756502e-09 2.756502e-09
1.830000e+00 3.025172e-09 3.025172e-09
1.840000e+00 3.231579e-09 3.231579e-09
1.850000e+00 3.351278e-09 3.351278e-09
1.860000e+00 3.370831e-09 3.370831e-09
1.870000e+00 3.291246e-09 3.291246e-09
1.880000e+00 3.128983e-09 3.128983e-09
1.890000e+00 2.913887e-09 2.913887e-09
1.900000e+00 2.684518e-09 2.684518e-09
1.910000e+00 2.481876e-09 2.481876e-09
1.920000e+00 2.342297e-09 2.342297e-09
1.930000e+00 2.291236e-09 2.291236e-09
1.940000e+00 2.338744e-09 2.338744e-09
1.950000e+00 2.477426e-09 2.477426e-09
1.960000e+00 2.683419e-09 2.683419e-09
1.970000e+00 2.920136e-09 2.920136e-09
1.980000e+00 3.144249e-09 3.144249e-09
1.990000e+00 3.313101e-09 3.313101e-09
2.000000e+00 3.391802e-09 3.391802e-09
2.010000e+00 3.358949e-09 3.358949e-09
2.020000e+00 3.209708e-09 3.209708e-09
2.030000e+00 2.955618e-09 2.955618e-09
2.040000e+00 2.621539e-09 2.621539e-09
2.050000e+00 2.240326e-09 2.240326e-09
2.060000e+00 1.846704e-09 1.846704e-09
2.070000e+00 1.472009e-09 1.472009e-09
2.080000e+00 1.140020e-09 1.140020e-09
2.090000e+00 8.652310e-10 8.652310e-10
2.100000e+00 6.529166e-10 6.529166e-10
2.110000e+00 5.007324e-10 5.007324e-10
2.120000e+00 4.008527e-10 4.008527e-10
2.130000e+00 3.424644e-10 3.424644e-10
2.140000e+00 3.138162e-10 3.138162e-10
2.150000e+00 3.037498e-10 3.037498e-10
2.160000e+00 3.027554e-10 3.027554e-10
2.170000e+00 3.035356e-10 3.035356e-10
2.180000e+00 3.012310e-10 3.012310e-10
2.190000e+00 2.933694e-10 2.933694e-10
2.200000e+00 2.795937e-10 2.795937e-10
2.210000e+00 2.612114e-10 2.612114e-10
2.220000e+00 2.406319e-10 2.406319e-10
2.230000e+00 2.207750e-10 2.207750e-10
2.240000e+00 2.045555e-10 2.045555e-10
2.250000e+00 1.944989e-10 1.944989e-10
2.260000e+00 1.925691e-10 1.925691e-10
2.270000e+00 2.001772e-10 2.001772e-10
2.280000e+00 2.183253e-10 2.183253e-10
2.290000e+00 2.478139e-10 2.478139e-10
2.300000e+00 2.894277e-10 2.894277e-10
2.310000e+00 3.440434e-10 3.440434e-10
2.320000e+00 4.126921e-10 4.126921e-10
2.330000e+00 4.964811e-10 4.964811e-10
2.340000e+00 5.964716e-10 5.964716e-10
2.350000e+00 7.135045e-10 7.135045e-10
2.360000e+00 8.477945e-10 8.477945e-10
2.370000e+00 9.984941e-10 9.984941e-10
2.380000e+00 1.163082e-09 1.163082e-09
2.390000e+00 1.336757e-09 1.336757e-09
2.400000e+00 1.511944e-09 1.511944e-09
2.410000e+00 1.678408e-09 1.678408e-09
2.420000e+00 1.823901e-09 1.823901e-09
2.430000e+00 1.935475e-09 1.935475e-09
2.440000e+00 2.001539e-09 2.001539e-09
2.450000e+00 2.013922e-09 2.013922e-09
2.460000e+00 1.969707e-09 1.969707e-09
2.470000e+00 1.872304e-09 1.872304e-09
2.480000e+00 1.731379e-09 1.731379e-09
2.490000e+00 1.561758e-09 1.561758e-09
2.500000e+00 1.381419e-09 1.381419e-09
2.510000e+00 1.208995e-09 1.208995e-09
2.520000e+00 1.061355e-09 1.061355e-09
2.530000e+00 9.515623e-10 9.515623e-10
2.540000e+00 8.873904e-10 8.873904e-10
2.550000e+00 8.705891e-10 8.705891e-10
2.560000e+00 8.968732e-10 8.968732e-10
2.570000e+00 9.565489e-10 9.565489e-10
2.580000e+00 1.035786e-09 1.035786e-09
2.590000e+00 1.118432e-09 1.118432e-09
2.600000e+00 1.188157e-09 1.188157e-09
2.610000e+00 1.230798e-09 1.230798e-09
2.620000e+00 1.236328e-09 1.236328e-09
2.630000e+00 1.200230e-09 1.200230e-09
2.640000e+00 1.123895e-09 1.123895e-09
2.650000e+00 1.014002e-09 1.014002e-09
2.660000e+00 8.810175e-10 8.810175e-10
2.670000e+00 7.371388e-10 7.371388e-10
2.680000e+00 5.942404e-10 5.942404e-10
2.690000e+00 4.622170e-10 4.622170e-10
2.700000e+00 3.479177e-10 3.479177e-10
2.710000e+00 2.548468e-10 2.548468e-10
2.720000e+00 1.835650e-10 1.835650e-10
2.730000e+00 1.323787e-10 1.323787e-10
2.740000e+00 9.826488e-11 9.826488e-11
2.750000e+00 7.770563e-11 7.770563e-11
2.760000e+00 6.733143e-11 6.733143e-11
2.770000e+00 6.430215e-11 6.430215e-11
2.780000e+00 6.647637e-11 6.647637e-11
2.790000e+00 7.238146e-11 7.238146e-11
2.800000e+00 8.106495e-11 8.106495e-11
2.810000e+00 9.188175e-11 9.188175e-11
2.820000e+00 1.042705e-10 1.042705e-10
2.830000e+00 1.175708e-10 1.175708e-10
2.840000e+00 1.309258e-10 1.309258e-10
2.850000e+00 1.432711e-10 1.432711e-10
2.860000e+00 1.534408e-10 1.534408e-10
2.870000e+00 1.603422e-10 1.603422e-10
2.880000e+00 1.631579e-10 1.631579e-10
2.890000e+00 1.615197e-10 1.615197e-10
2.900000e+00 1.556044e-10 1.556044e-10
2.910000e+00 1.461158e-10 1.461158e-10
2.920000e+00 1.341737e-10 1.341737e-10
2.930000e+00 1.211213e-10 1.211213e-10
2.940000e+00 1.083267e-10 1.083267e-10
2.950000e+00 9.701781e-11 9.701781e-11
2.960000e+00 8.817448e-11 8.817448e-11
2.970000e+00 8.251444e-11 8.251444e-11
2.980000e+00 8.053688e-11 8.053688e-11
2.990000e+00 8.260252e-11 8.260252e-11
3.000000e+00 8.901087e-11 8.901087e-11
