3.000000e-01 2.692251e-27 8.764691e-10 2.488142e+13
3.100000e-01 2.740001e-27 9.684652e-10 2.749303e+13
3.200000e-01 2.785138e-27 1.056673e-09 2.999709e+13
3.300000e-01 2.827704e-27 1.138449e-09 3.231859e+13
3.400000e-01 2.867866e-27 1.210097e-09 3.435253e+13
3.500000e-01 2.905825e-27 1.267060e-09 3.596962e+13
3.600000e-01 2.941623e-27 1.304522e-09 3.703309e+13
3.700000e-01 2.975203e-27 1.318419e-09 3.742761e+13
3.800000e-01 3.006692e-27 1.306630e-09 3.709294e+13
3.900000e-01 3.036550e-27 1.269826e-09 3.604815e+13
4.000000e-01 3.064712e-27 1.211377e-09 3.438887e+13
4.100000e-01 3.091101e-27 1.137241e-09 3.228429e+13
4.200000e-01 3.115735e-27 1.055115e-09 2.995288e+13
4.300000e-01 3.138919e-27 9.732414e-10 2.762862e+13
4.400000e-01 3.160716e-27 8.989446e-10 2.551946e+13
4.500000e-01 3.181121e-27 8.377139e-10 2.378123e+13
4.600000e-01 3.200151e-27 7.927170e-10 2.250385e+13
4.700000e-01 3.217876e-27 7.648639e-10 2.171315e+13
4.800000e-01 3.234378e-27 7.533816e-10 2.138718e+13
4.900000e-01 3.249734e-27 7.567775e-10 2.148359e+13
5.000000e-01 3.264010e-27 7.739758e-10 2.197182e+13
5.100000e-01 3.277270e-27 8.054061e-10 2.286407e+13
5.200000e-01 3.289573e-27 8.538416e-10 2.423907e+13
5.300000e-01 3.300954e-27 9.248126e-10 2.625381e+13
5.400000e-01 3.311429e-27 1.026472e-09 2.913973e+13
5.500000e-01 3.321016e-27 1.168795e-09 3.318004e+13
5.600000e-01 3.329744e-27 1.362085e-09 3.866720e+13
5.700000e-01 3.337664e-27 1.614853e-09 4.584284e+13
5.800000e-01 3.344830e-27 1.931338e-09 5.482730e+13
5.900000e-01 3.351296e-27 2.309157e-09 6.555292e+13
6.000000e-01 3.357100e-27 2.737765e-09 7.772035e+13
6.100000e-01 3.362263e-27 3.198360e-09 9.079583e+13
6.200000e-01 3.366807e-27 3.665805e-09 1.040658e+14
6.300000e-01 3.370751e-27 4.112511e-09 1.167470e+14
6.400000e-01 3.374119e-27 4.513719e-09 1.281366e+14
6.500000e-01 3.376935e-27 4.853053e-09 1.377697e+14
6.600000e-01 3.379225e-27 5.126870e-09 1.455429e+14
6.700000e-01 3.381013e-27 5.346167e-09 1.517683e+14
6.800000e-01 3.382325e-27 5.535280e-09 1.571369e+14
6.900000e-01 3.383182e-27 5.727491e-09 1.625934e+14
7.000000e-01 3.383605e-27 5.958550e-09 1.691528e+14
7.100000e-01 3.383616e-27 6.259658e-09 1.777007e+14
7.200000e-01 3.383235e-27 6.651694e-09 1.888300e+14
7.300000e-01 3.382482e-27 7.142067e-09 2.027508e+14
7.400000e-01 3.381372e-27 7.724942e-09 2.192976e+14
7.500000e-01 3.379920e-27 8.384577e-09 2.380235e+14
7.600000e-01 3.378142e-27 9.100703e-09 2.583530e+14
7.700000e-01 3.376054e-27 9.854331e-09 2.797472e+14
7.800000e-01 3.373669e-27 1.063228e-08 3.018318e+14
7.900000e-01 3.371002e-27 1.142923e-08 3.244559e+14
8.000000e-01 3.368066e-27 1.224668e-08 3.476619e+14
8.100000e-01 3.364873e-27 1.308945e-08 3.715866e+14
8.200000e-01 3.361436e-27 1.396080e-08 3.963226e+14
8.300000e-01 3.357768e-27 1.485790e-08 4.217899e+14
8.400000e-01 3.353873e-27 1.576901e-08 4.476547e+14
8.500000e-01 3.349759e-27 1.667323e-08 4.733238e+14
8.600000e-01 3.345432e-27 1.754291e-08 4.980125e+14
8.700000e-01 3.340897e-27 1.834801e-08 5.208678e+14
8.800000e-01 3.336162e-27 1.906115e-08 5.411126e+14
8.900000e-01 3.331234e-27 1.966222e-08 5.581760e+14
9.000000e-01 3.326127e-27 2.014136e-08 5.717780e+14
9.100000e-01 3.320850e-27 2.049984e-08 5.819545e+14
9.200000e-01 3.315417e-27 2.074877e-08 5.890213e+14
9.300000e-01 3.309838e-27 2.090607e-08 5.934866e+14
9.400000e-01 3.304124e-27 2.099224e-08 5.959330e+14
9.500000e-01 3.298284e-27 2.102596e-08 5.968902e+14
9.600000e-01 3.292319e-27 2.102014e-08 5.967249e+14
9.700000e-01 3.286234e-27 2.097944e-08 5.955696e+14
9.800000e-01 3.280032e-27 2.089952e-08 5.933009e+14
9.900000e-01 3.273716e-27 2.076827e-08 5.895749e+14
1.000000e+00 3.267291e-27 2.056871e-08 5.839096e+14
1.010000e+00 3.260759e-27 2.028296e-08 5.757977e+14
1.020000e+00 3.254127e-27 1.989632e-08 5.648218e+14
1.030000e+00 3.247402e-27 1.940059e-08 5.507487e+14
1.040000e+00 3.240591e-27 1.879574e-08 5.335783e+14
1.050000e+00 3.233699e-27 1.808983e-08 5.135387e+14
1.060000e+00 3.226734e-27 1.729717e-08 4.910364e+14
1.070000e+00 3.219703e-27 1.643586e-08 4.665852e+14
1.080000e+00 3.212609e-27 1.552443e-08 4.407115e+14
1.090000e+00 3.205456e-27 1.457936e-08 4.138826e+14
1.100000e+00 3.198245e-27 1.361414e-08 3.864816e+14
1.110000e+00 3.190977e-27 1.263848e-08 3.587845e+14
1.120000e+00 3.183655e-27 1.165954e-08 3.309939e+14
1.130000e+00 3.176278e-27 1.068324e-08 3.032786e+14
1.140000e+00 3.168850e-27 9.716292e-09 2.758285e+14
1.150000e+00 3.161372e-27 8.766765e-09 2.488731e+14
1.160000e+00 3.153847e-27 7.845289e-09 2.227140e+14
1.170000e+00 3.146278e-27 6.964906e-09 1.977215e+14
1.180000e+00 3.138670e-27 6.139778e-09 1.742975e+14
1.190000e+00 3.131026e-27 5.384365e-09 1.528527e+14
1.200000e+00 3.123350e-27 4.711614e-09 1.337545e+14
1.210000e+00 3.115645e-27 4.131361e-09 1.172821e+14
1.220000e+00 3.107915e-27 3.649342e-09 1.035984e+14
1.230000e+00 3.100164e-27 3.266678e-09 9.273527e+13
1.240000e+00 3.092392e-27 2.979712e-09 8.458882e+13
1.250000e+00 3.084602e-27 2.780533e-09 7.893445e+13
1.260000e+00 3.076793e-27 2.657932e-09 7.545403e+13
1.270000e+00 3.068966e-27 2.598212e-09 7.375868e+13
1.280000e+00 3.061124e-27 2.586223e-09 7.341836e+13
1.290000e+00 3.053266e-27 2.606251e-09 7.398689e+13
1.300000e+00 3.045394e-27 2.642868e-09 7.502641e+13
1.310000e+00 3.037509e-27 2.681886e-09 7.613404e+13
1.320000e+00 3.029613e-27 2.711357e-09 7.697068e+13
1.330000e+00 3.021707e-27 2.722665e-09 7.729168e+13
1.340000e+00 3.013796e-27 2.711533e-09 7.697566e+13
1.350000e+00 3.005880e-27 2.678678e-09 7.604297e+13
1.360000e+00 2.997963e-27 2.629889e-09 7.465794e+13
1.370000e+00 2.990047e-27 2.575278e-09 7.310764e+13
1.380000e+00 2.982134e-27 2.527601e-09 7.175417e+13
1.390000e+00 2.974228e-27 2.499860e-09 7.096665e+13
1.400000e+00 2.966329e-27 2.502469e-09 7.104071e+13
1.410000e+00 2.958440e-27 2.540587e-09 7.212283e+13
1.420000e+00 2.950561e-27 2.612254e-09 7.415732e+13
1.430000e+00 2.942690e-27 2.707773e-09 7.686893e+13
1.440000e+00 2.934827e-27 2.810819e-09 7.979424e+13
1.450000e+00 2.926973e-27 2.901011e-09 8.235461e+13
1.460000e+00 2.919127e-27 2.957521e-09 8.395885e+13
1.470000e+00 2.911289e-27 2.963057e-09 8.411601e+13
1.480000e+00 2.903458e-27 2.907043e-09 8.252585e+13
1.490000e+00 2.895634e-27 2.787467e-09 7.913131e+13
1.500000e+00 2.887818e-27 2.610858e-09 7.411769e+13
1.510000e+00 2.880010e-27 2.390533e-09 6.786305e+13
1.520000e+00 2.872212e-27 2.143737e-09 6.085694e+13
1.530000e+00 2.864425e-27 1.888342e-09 5.360673e+13
1.540000e+00 2.856652e-27 1.639922e-09 4.655452e+13
1.550000e+00 2.848892e-27 1.410083e-09 4.002980e+13
1.560000e+00 2.841149e-27 1.205747e-09 3.422904e+13
1.570000e+00 2.833423e-27 1.029649e-09 2.922992e+13
1.580000e+00 2.825717e-27 8.814877e-10 2.502389e+13
1.590000e+00 2.818030e-27 7.593064e-10 2.155538e+13
1.600000e+00 2.810366e-27 6.605495e-10 1.875184e+13
1.610000e+00 2.802724e-27 5.828424e-10 1.654588e+13
1.620000e+00 2.795104e-27 5.243059e-10 1.488413e+13
1.630000e+00 2.787505e-27 4.834589e-10 1.372455e+13
1.640000e+00 2.779927e-27 4.590260e-10 1.303094e+13
1.650000e+00 2.772370e-27 4.496519e-10 1.276483e+13
1.660000e+00 2.764833e-27 4.536803e-10 1.287919e+13
1.670000e+00 2.757315e-27 4.690302e-10 1.331495e+13
1.680000e+00 2.749817e-27 4.932095e-10 1.400135e+13
1.690000e+00 2.742338e-27 5.234840e-10 1.486079e+13
1.700000e+00 2.734878e-27 5.572332e-10 1.581887e+13
1.710000e+00 2.727435e-27 5.924757e-10 1.681935e+13
1.720000e+00 2.720011e-27 6.284932e-10 1.784182e+13
1.730000e+00 2.712606e-27 6.664460e-10 1.891924e+13
1.740000e+00 2.705221e-27 7.097339e-10 2.014810e+13
1.750000e+00 2.697857e-27 7.638537e-10 2.168447e+13
1.760000e+00 2.690515e-27 8.356661e-10 2.372310e+13
1.770000e+00 2.683195e-27 9.319746e-10 2.645713e+13
1.780000e+00 2.675898e-27 1.057580e-09 3.002286e+13
1.790000e+00 2.668624e-27 1.213355e-09 3.444503e+13
1.800000e+00 2.661376e-27 1.394651e-09 3.959169e+13
1.810000e+00 2.654153e-27 1.590702e-09 4.515725e+13
1.820000e+00 2.646956e-27 1.785301e-09 5.068156e+13
1.830000e+00 2.639786e-27 1.959035e-09 5.561357e+13
1.840000e+00 2.632643e-27 2.092408e-09 5.939979e+13
1.850000e+00 2.625527e-27 2.169611e-09 6.159145e+13
1.860000e+00 2.618437e-27 2.181968e-09 6.194224e+13
1.870000e+00 2.611373e-27 2.130159e-09 6.047149e+13
1.880000e+00 2.604336e-27 2.024862e-09 5.748228e+13
1.890000e+00 2.597324e-27 1.885410e-09 5.352349e+13
1.900000e+00 2.590338e-27 1.736764e-09 4.930368e+13
1.910000e+00 2.583378e-27 1.605447e-09 4.557583e+13
1.920000e+00 2.576443e-27 1.514954e-09 4.300690e+13
1.930000e+00 2.569533e-27 1.481732e-09 4.206377e+13
1.940000e+00 2.562648e-27 1.512253e-09 4.293022e+13
1.950000e+00 2.555788e-27 1.601714e-09 4.546986e+13
1.960000e+00 2.548953e-27 1.734665e-09 4.924410e+13
1.970000e+00 2.542142e-27 1.887441e-09 5.358116e+13
1.980000e+00 2.535357e-27 2.032033e-09 5.768587e+13
1.990000e+00 2.528596e-27 2.140881e-09 6.077587e+13
2.000000e+00 2.521862e-27 2.191456e-09 6.221159e+13
2.010000e+00 2.515153e-27 2.169954e-09 6.160120e+13
2.020000e+00 2.508470e-27 2.073281e-09 5.885683e+13
2.030000e+00 2.501814e-27 1.908917e-09 5.419082e+13
2.040000e+00 2.495184e-27 1.692942e-09 4.805965e+13
2.050000e+00 2.488580e-27 1.446586e-09 4.106603e+13
2.060000e+00 2.482004e-27 1.192281e-09 3.384678e+13
2.070000e+00 2.475454e-27 9.502569e-10 2.697613e+13
2.080000e+00 2.468932e-27 7.358562e-10 2.088967e+13
2.090000e+00 2.462438e-27 5.584232e-10 1.585266e+13
2.100000e+00 2.455970e-27 4.213479e-10 1.196133e+13
2.110000e+00 2.449530e-27 3.231033e-10 9.172337e+12
2.120000e+00 2.443116e-27 2.586269e-10 7.341966e+12
2.130000e+00 2.436729e-27 2.209318e-10 6.271868e+12
2.140000e+00 2.430368e-27 2.024290e-10 5.746605e+12
2.150000e+00 2.424033e-27 1.959152e-10 5.561690e+12
2.160000e+00 2.417724e-27 1.952538e-10 5.542913e+12
2.170000e+00 2.411440e-27 1.957368e-10 5.556626e+12
2.180000e+00 2.405181e-27 1.942310e-10 5.513878e+12
2.190000e+00 2.398947e-27 1.891426e-10 5.369428e+12
2.200000e+00 2.392737e-27 1.802428e-10 5.116777e+12
2.210000e+00 2.386552e-27 1.683753e-10 4.779880e+12
2.220000e+00 2.380391e-27 1.550941e-10 4.402850e+12
2.230000e+00 2.374253e-27 1.422812e-10 4.039113e+12
2.240000e+00 2.368139e-27 1.318147e-10 3.741989e+12
2.250000e+00 2.362049e-27 1.253213e-10 3.557651e+12
2.260000e+00 2.355983e-27 1.240649e-10 3.521986e+12
2.270000e+00 2.349940e-27 1.289531e-10 3.660753e+12
2.280000e+00 2.343922e-27 1.406293e-10 3.992220e+12
2.290000e+00 2.337928e-27 1.596070e-10 4.530964e+12
2.300000e+00 2.331958e-27 1.863893e-10 5.291266e+12
2.310000e+00 2.326013e-27 2.215383e-10 6.289084e+12
2.320000e+00 2.320092e-27 2.657153e-10 7.543191e+12
2.330000e+00 2.314195e-27 3.196304e-10 9.073747e+12
2.340000e+00 2.308323e-27 3.839638e-10 1.090006e+13
2.350000e+00 2.302476e-27 4.592536e-10 1.303740e+13
2.360000e+00 2.296654e-27 5.456348e-10 1.548962e+13
2.370000e+00 2.290856e-27 6.425591e-10 1.824113e+13
2.380000e+00 2.285084e-27 7.484010e-10 2.124579e+13
2.390000e+00 2.279336e-27 8.600693e-10 2.441586e+13
2.400000e+00 2.273614e-27 9.726887e-10 2.761293e+13
2.410000e+00 2.267916e-27 1.079677e-09 3.065013e+13
2.420000e+00 2.262243e-27 1.173155e-09 3.330382e+13
2.430000e+00 2.256594e-27 1.244802e-09 3.533775e+13
2.440000e+00 2.250970e-27 1.287170e-09 3.654050e+13
2.450000e+00 2.245370e-27 1.295012e-09 3.676313e+13
2.460000e+00 2.239794e-27 1.266464e-09 3.595270e+13
2.470000e+00 2.234243e-27 1.203727e-09 3.417170e+13
2.480000e+00 2.228715e-27 1.113024e-09 3.159680e+13
2.490000e+00 2.223211e-27 1.003892e-09 2.849873e+13
2.500000e+00 2.217730e-27 8.878923e-10 2.520571e+13
2.510000e+00 2.212273e-27 7.770008e-10 2.205769e+13
2.520000e+00 2.206839e-27 6.820555e-10 1.936236e+13
2.530000e+00 2.201429e-27 6.114475e-10 1.735793e+13
2.540000e+00 2.196041e-27 5.701640e-10 1.618596e+13
2.550000e+00 2.190677e-27 5.593220e-10 1.587817e+13
2.560000e+00 2.185335e-27 5.761607e-10 1.635619e+13
2.570000e+00 2.180016e-27 6.144465e-10 1.744306e+13
2.580000e+00 2.174720e-27 6.652908e-10 1.888644e+13
2.590000e+00 2.169446e-27 7.183170e-10 2.039176e+13
2.600000e+00 2.164195e-27 7.630371e-10 2.166129e+13
2.610000e+00 2.158966e-27 7.903584e-10 2.243689e+13
2.620000e+00 2.153760e-27 7.938473e-10 2.253593e+13
2.630000e+00 2.148575e-27 7.706081e-10 2.187622e+13
2.640000e+00 2.143412e-27 7.215416e-10 2.048330e+13
2.650000e+00 2.138272e-27 6.509403e-10 1.847905e+13
2.660000e+00 2.133153e-27 5.655273e-10 1.605433e+13
2.670000e+00 2.128056e-27 4.731353e-10 1.343148e+13
2.680000e+00 2.122980e-27 3.813867e-10 1.082690e+13
2.690000e+00 2.117926e-27 2.966310e-10 8.420835e+12
2.700000e+00 2.112893e-27 2.232619e-10 6.338015e+12
2.710000e+00 2.107882e-27 1.635253e-10 4.642196e+12
2.720000e+00 2.102892e-27 1.177778e-10 3.343507e+12
2.730000e+00 2.097922e-27 8.492965e-11 2.411004e+12
2.740000e+00 2.092974e-27 6.303875e-11 1.789560e+12
2.750000e+00 2.088047e-27 4.984594e-11 1.415039e+12
2.760000e+00 2.083141e-27 4.318802e-11 1.226032e+12
2.770000e+00 2.078255e-27 4.124194e-11 1.170786e+12
2.780000e+00 2.073390e-27 4.263332e-11 1.210285e+12
2.790000e+00 2.068546e-27 4.641704e-11 1.317699e+12
2.800000e+00 2.063722e-27 5.198184e-11 1.475673e+12
2.810000e+00 2.058919e-27 5.891369e-11 1.672457e+12
2.820000e+00 2.054136e-27 6.685236e-11 1.897821e+12
2.830000e+00 2.049373e-27 7.537432e-11 2.139745e+12
2.840000e+00 2.044631e-27 8.393006e-11 2.382628e+12
2.850000e+00 2.039909e-27 9.183743e-11 2.607104e+12
2.860000e+00 2.035207e-27 9.834913e-11 2.791960e+12
2.870000e+00 2.030525e-27 1.027652e-10 2.917325e+12
2.880000e+00 2.025862e-27 1.045623e-10 2.968340e+12
2.890000e+00 2.021220e-27 1.035050e-10 2.938326e+12
2.900000e+00 2.016597e-27 9.970715e-11 2.830511e+12
2.910000e+00 2.011994e-27 9.362038e-11 2.657719e+12
2.920000e+00 2.007411e-27 8.596248e-11 2.440324e+12
2.930000e+00 2.002847e-27 7.759445e-11 2.202771e+12
2.940000e+00 1.998303e-27 6.939286e-11 1.969942e+12
2.950000e+00 1.993778e-27 6.214405e-11 1.764161e+12
2.960000e+00 1.989272e-27 5.647548e-11 1.603240e+12
2.970000e+00 1.984785e-27 5.284648e-11 1.500219e+12
2.980000e+00 1.980317e-27 5.157629e-11 1.464160e+12
2.990000e+00 1.975868e-27 5.289539e-11 1.501607e+12
3.000000e+00 1.971438e-27 5.699504e-11 1.617989e+12
