3.000000e-01 3.236441e-27 1.053632e-09 2.991075e+13
3.100000e-01 3.306418e-27 1.168667e-09 3.317642e+13
3.200000e-01 3.373087e-27 1.279738e-09 3.632953e+13
3.300000e-01 3.436577e-27 1.383585e-09 3.927756e+13
3.400000e-01 3.496996e-27 1.475558e-09 4.188852e+13
3.500000e-01 3.554449e-27 1.549887e-09 4.399858e+13
3.600000e-01 3.609086e-27 1.600522e-09 4.543600e+13
3.700000e-01 3.661092e-27 1.622361e-09 4.605599e+13
3.800000e-01 3.710603e-27 1.612531e-09 4.577694e+13
3.900000e-01 3.757673e-27 1.571386e-09 4.460890e+13
4.000000e-01 3.802353e-27 1.502942e-09 4.266588e+13
4.100000e-01 3.844732e-27 1.414508e-09 4.015541e+13
4.200000e-01 3.884918e-27 1.315592e-09 3.734736e+13
4.300000e-01 3.923019e-27 1.216356e-09 3.453023e+13
4.400000e-01 3.959137e-27 1.126025e-09 3.196587e+13
4.500000e-01 3.993373e-27 1.051612e-09 2.985342e+13
4.600000e-01 4.025818e-27 9.972450e-10 2.831004e+13
4.700000e-01 4.056525e-27 9.642043e-10 2.737207e+13
4.800000e-01 4.085547e-27 9.516437e-10 2.701550e+13
4.900000e-01 4.112935e-27 9.577942e-10 2.719010e+13
5.000000e-01 4.138754e-27 9.813986e-10 2.786019e+13
5.100000e-01 4.163068e-27 1.023096e-09 2.904390e+13
5.200000e-01 4.186028e-27 1.086525e-09 3.084455e+13
5.300000e-01 4.207673e-27 1.178844e-09 3.346531e+13
5.400000e-01 4.228055e-27 1.310606e-09 3.720581e+13
5.500000e-01 4.246976e-27 1.494676e-09 4.243125e+13
5.600000e-01 4.264742e-27 1.744561e-09 4.952502e+13
5.700000e-01 4.281435e-27 2.071475e-09 5.880553e+13
5.800000e-01 4.297071e-27 2.481171e-09 7.043610e+13
5.900000e-01 4.311668e-27 2.970886e-09 8.433825e+13
6.000000e-01 4.325253e-27 3.527308e-09 1.001341e+14
6.100000e-01 4.337866e-27 4.126403e-09 1.171414e+14
6.200000e-01 4.349547e-27 4.735819e-09 1.344416e+14
6.300000e-01 4.360336e-27 5.319861e-09 1.510216e+14
6.400000e-01 4.370270e-27 5.846318e-09 1.659667e+14
6.500000e-01 4.379380e-27 6.293684e-09 1.786667e+14
6.600000e-01 4.387695e-27 6.656895e-09 1.889776e+14
6.700000e-01 4.395246e-27 6.949906e-09 1.972956e+14
6.800000e-01 4.402063e-27 7.204113e-09 2.045122e+14
6.900000e-01 4.408175e-27 7.462733e-09 2.118539e+14
7.000000e-01 4.413612e-27 7.772399e-09 2.206448e+14
7.100000e-01 4.418404e-27 8.174005e-09 2.320457e+14
7.200000e-01 4.422579e-27 8.695121e-09 2.468393e+14
7.300000e-01 4.426162e-27 9.345783e-09 2.653104e+14
7.400000e-01 4.429173e-27 1.011871e-08 2.872523e+14
7.500000e-01 4.431632e-27 1.099356e-08 3.120880e+14
7.600000e-01 4.433557e-27 1.194399e-08 3.390689e+14
7.700000e-01 4.434969e-27 1.294519e-08 3.674913e+14
7.800000e-01 4.435890e-27 1.397992e-08 3.968653e+14
7.900000e-01 4.436342e-27 1.504122e-08 4.269939e+14
8.000000e-01 4.436350e-27 1.613109e-08 4.579335e+14
8.100000e-01 4.435938e-27 1.725593e-08 4.898655e+14
8.200000e-01 4.435130e-27 1.842009e-08 5.229141e+14
8.300000e-01 4.433945e-27 1.961992e-08 5.569752e+14
8.400000e-01 4.432392e-27 2.083992e-08 5.916089e+14
8.500000e-01 4.430479e-27 2.205245e-08 6.260304e+14
8.600000e-01 4.428213e-27 2.322084e-08 6.591990e+14
8.700000e-01 4.425604e-27 2.430515e-08 6.899807e+14
8.800000e-01 4.422659e-27 2.526885e-08 7.173383e+14
8.900000e-01 4.419389e-27 2.608493e-08 7.405054e+14
9.000000e-01 4.415809e-27 2.673993e-08 7.590999e+14
9.100000e-01 4.411931e-27 2.723515e-08 7.731583e+14
9.200000e-01 4.407770e-27 2.758501e-08 7.830900e+14
9.300000e-01 4.403338e-27 2.781299e-08 7.895620e+14
9.400000e-01 4.398650e-27 2.794614e-08 7.933421e+14
9.500000e-01 4.393719e-27 2.800916e-08 7.951310e+14
9.600000e-01 4.388555e-27 2.801916e-08 7.954150e+14
9.700000e-01 4.383169e-27 2.798232e-08 7.943690e+14
9.800000e-01 4.377575e-27 2.789279e-08 7.918274e+14
9.900000e-01 4.371782e-27 2.773434e-08 7.873294e+14
1.000000e+00 4.365802e-27 2.748421e-08 7.802287e+14
1.010000e+00 4.359645e-27 2.711839e-08 7.698435e+14
1.020000e+00 4.353315e-27 2.661696e-08 7.556089e+14
1.030000e+00 4.346816e-27 2.596869e-08 7.372056e+14
1.040000e+00 4.340149e-27 2.517329e-08 7.146257e+14
1.050000e+00 4.333320e-27 2.424129e-08 6.881677e+14
1.060000e+00 4.326330e-27 2.319164e-08 6.583701e+14
1.070000e+00 4.319183e-27 2.204846e-08 6.259171e+14
1.080000e+00 4.311884e-27 2.083651e-08 5.915119e+14
1.090000e+00 4.304441e-27 1.957787e-08 5.557815e+14
1.100000e+00 4.296862e-27 1.829068e-08 5.192404e+14
1.110000e+00 4.289156e-27 1.698803e-08 4.822605e+14
1.120000e+00 4.281331e-27 1.567958e-08 4.451157e+14
1.130000e+00 4.273395e-27 1.437334e-08 4.080340e+14
1.140000e+00 4.265358e-27 1.307839e-08 3.712727e+14
1.150000e+00 4.257227e-27 1.180567e-08 3.351422e+14
1.160000e+00 4.249005e-27 1.056953e-08 3.000504e+14
1.170000e+00 4.240696e-27 9.387615e-09 2.664980e+14
1.180000e+00 4.232302e-27 8.279111e-09 2.350295e+14
1.190000e+00 4.223827e-27 7.263633e-09 2.062018e+14
1.200000e+00 4.215273e-27 6.358794e-09 1.805150e+14
1.210000e+00 4.206642e-27 5.578029e-09 1.583505e+14
1.220000e+00 4.197938e-27 4.929256e-09 1.399329e+14
1.230000e+00 4.189163e-27 4.414169e-09 1.253105e+14
1.240000e+00 4.180321e-27 4.028000e-09 1.143479e+14
1.250000e+00 4.171417e-27 3.760213e-09 1.067459e+14
1.260000e+00 4.162452e-27 3.595795e-09 1.020783e+14
1.270000e+00 4.153432e-27 3.516329e-09 9.982243e+13
1.280000e+00 4.144360e-27 3.501407e-09 9.939882e+13
1.290000e+00 4.135240e-27 3.529817e-09 1.002053e+14
1.300000e+00 4.126076e-27 3.580710e-09 1.016501e+14
1.310000e+00 4.116871e-27 3.634878e-09 1.031878e+14
1.320000e+00 4.107628e-27 3.676128e-09 1.043588e+14
1.330000e+00 4.098348e-27 3.692755e-09 1.048309e+14
1.340000e+00 4.089033e-27 3.678931e-09 1.044384e+14
1.350000e+00 4.079684e-27 3.635594e-09 1.032081e+14
1.360000e+00 4.070303e-27 3.570573e-09 1.013623e+14
1.370000e+00 4.060891e-27 3.497579e-09 9.929014e+13
1.380000e+00 4.051450e-27 3.433933e-09 9.748335e+13
1.390000e+00 4.041981e-27 3.397314e-09 9.644381e+13
1.400000e+00 4.032485e-27 3.401904e-09 9.657410e+13
1.410000e+00 4.022965e-27 3.454758e-09 9.807452e+13
1.420000e+00 4.013422e-27 3.553250e-09 1.008705e+14
1.430000e+00 4.003860e-27 3.684230e-09 1.045888e+14
1.440000e+00 3.994280e-27 3.825507e-09 1.085994e+14
1.450000e+00 3.984685e-27 3.949341e-09 1.121149e+14
1.460000e+00 3.975077e-27 4.027360e-09 1.143297e+14
1.470000e+00 3.965459e-27 4.035973e-09 1.145742e+14
1.480000e+00 3.955832e-27 3.960716e-09 1.124378e+14
1.490000e+00 3.946200e-27 3.798788e-09 1.078410e+14
1.500000e+00 3.936563e-27 3.559022e-09 1.010344e+14
1.510000e+00 3.926925e-27 3.259518e-09 9.253200e+13
1.520000e+00 3.917284e-27 2.923749e-09 8.300012e+13
1.530000e+00 3.907643e-27 2.576073e-09 7.313020e+13
1.540000e+00 3.898003e-27 2.237732e-09 6.352530e+13
1.550000e+00 3.888364e-27 1.924578e-09 5.463541e+13
1.560000e+00 3.878727e-27 1.646081e-09 4.672936e+13
1.570000e+00 3.869093e-27 1.406005e-09 3.991401e+13
1.580000e+00 3.859463e-27 1.203967e-09 3.417851e+13
1.590000e+00 3.849839e-27 1.037323e-09 2.944778e+13
1.600000e+00 3.840221e-27 9.026069e-10 2.562343e+13
1.610000e+00 3.830610e-27 7.965971e-10 2.261400e+13
1.620000e+00 3.821006e-27 7.167448e-10 2.034713e+13
1.630000e+00 3.811411e-27 6.610429e-10 1.876585e+13
1.640000e+00 3.801825e-27 6.277633e-10 1.782110e+13
1.650000e+00 3.792248e-27 6.150665e-10 1.746066e+13
1.660000e+00 3.782682e-27 6.206988e-10 1.762055e+13
1.670000e+00 3.773128e-27 6.418239e-10 1.822026e+13
1.680000e+00 3.763585e-27 6.750398e-10 1.916320e+13
1.690000e+00 3.754055e-27 7.166103e-10 2.034331e+13
1.700000e+00 3.744539e-27 7.629524e-10 2.165888e+13
1.710000e+00 3.735037e-27 8.113551e-10 2.303295e+13
1.720000e+00 3.725549e-27 8.608356e-10 2.443761e+13
1.730000e+00 3.716077e-27 9.129836e-10 2.591801e+13
1.740000e+00 3.706622e-27 9.724584e-10 2.760639e+13
1.750000e+00 3.697183e-27 1.046796e-09 2.971672e+13
1.760000e+00 3.687763e-27 1.145408e-09 3.251614e+13
1.770000e+00 3.678360e-27 1.277633e-09 3.626977e+13
1.780000e+00 3.668977e-27 1.450070e-09 4.116494e+13
1.790000e+00 3.659614e-27 1.663933e-09 4.723613e+13
1.800000e+00 3.650271e-27 1.912865e-09 5.430289e+13
1.810000e+00 3.640950e-27 2.182115e-09 6.194642e+13
1.820000e+00 3.631651e-27 2.449451e-09 6.953561e+13
1.830000e+00 3.622374e-27 2.688232e-09 7.631420e+13
1.840000e+00 3.613121e-27 2.871685e-09 8.152212e+13
1.850000e+00 3.603891e-27 2.978084e-09 8.454260e+13
1.860000e+00 3.594685e-27 2.995484e-09 8.503655e+13
1.870000e+00 3.585502e-27 2.924779e-09 8.302937e+13
1.880000e+00 3.576344e-27 2.780595e-09 7.893622e+13
1.890000e+00 3.567211e-27 2.589455e-09 7.351010e+13
1.900000e+00 3.558102e-27 2.385627e-09 6.772378e+13
1.910000e+00 3.549018e-27 2.205546e-09 6.261160e+13
1.920000e+00 3.539960e-27 2.081504e-09 5.909026e+13
1.930000e+00 3.530927e-27 2.036123e-09 5.780198e+13
1.940000e+00 3.521920e-27 2.078333e-09 5.900023e+13
1.950000e+00 3.512940e-27 2.201562e-09 6.249849e+13
1.960000e+00 3.503986e-27 2.384604e-09 6.769472e+13
1.970000e+00 3.495058e-27 2.594944e-09 7.366593e+13
1.980000e+00 3.486156e-27 2.794079e-09 7.931900e+13
1.990000e+00 3.477280e-27 2.944101e-09 8.357788e+13
2.000000e+00 3.468431e-27 3.014008e-09 8.556241e+13
2.010000e+00 3.459607e-27 2.984784e-09 8.473279e+13
2.020000e+00 3.450808e-27 2.852135e-09 8.096712e+13
2.030000e+00 3.442036e-27 2.626319e-09 7.455660e+13
2.040000e+00 3.433289e-27 2.329430e-09 6.612845e+13
2.050000e+00 3.424567e-27 1.990665e-09 5.651148e+13
2.060000e+00 3.415870e-27 1.640883e-09 4.658180e+13
2.070000e+00 3.407199e-27 1.307927e-09 3.712976e+13
2.080000e+00 3.398553e-27 1.012926e-09 2.875520e+13
2.090000e+00 3.389931e-27 7.687570e-10 2.182367e+13
2.100000e+00 3.381335e-27 5.801042e-10 1.646814e+13
2.110000e+00 3.372765e-27 4.448819e-10 1.262942e+13
2.120000e+00 3.364221e-27 3.561346e-10 1.011004e+13
2.130000e+00 3.355704e-27 3.042529e-10 8.637207e+12
2.140000e+00 3.347214e-27 2.787944e-10 7.914486e+12
2.150000e+00 3.338751e-27 2.698445e-10 7.660414e+12
2.160000e+00 3.330316e-27 2.689541e-10 7.635137e+12
2.170000e+00 3.321910e-27 2.696398e-10 7.654602e+12
2.180000e+00 3.313532e-27 2.675851e-10 7.596274e+12
2.190000e+00 3.305184e-27 2.605940e-10 7.397809e+12
2.200000e+00 3.296865e-27 2.483500e-10 7.050221e+12
2.210000e+00 3.288577e-27 2.320147e-10 6.586492e+12
2.220000e+00 3.280319e-27 2.137288e-10 6.067387e+12
2.230000e+00 3.272092e-27 1.960857e-10 5.566529e+12
2.240000e+00 3.263896e-27 1.816741e-10 5.157410e+12
2.250000e+00 3.255731e-27 1.727366e-10 4.903690e+12
2.260000e+00 3.247597e-27 1.710169e-10 4.854870e+12
2.270000e+00 3.239493e-27 1.777673e-10 5.046504e+12
2.280000e+00 3.231420e-27 1.938769e-10 5.503825e+12
2.290000e+00 3.223376e-27 2.200553e-10 6.246985e+12
2.300000e+00 3.215363e-27 2.569983e-10 7.295732e+12
2.310000e+00 3.207379e-27 3.054830e-10 8.672127e+12
2.320000e+00 3.199425e-27 3.664235e-10 1.040212e+13
2.330000e+00 3.191501e-27 4.408014e-10 1.251358e+13
2.340000e+00 3.183605e-27 5.295571e-10 1.503320e+13
2.350000e+00 3.175738e-27 6.334352e-10 1.798212e+13
2.360000e+00 3.167901e-27 7.526242e-10 2.136568e+13
2.370000e+00 3.160091e-27 8.863697e-10 2.516248e+13
2.380000e+00 3.152311e-27 1.032432e-09 2.930893e+13
2.390000e+00 3.144558e-27 1.186546e-09 3.368397e+13
2.400000e+00 3.136833e-27 1.341988e-09 3.809669e+13
2.410000e+00 3.129137e-27 1.489674e-09 4.228925e+13
2.420000e+00 3.121468e-27 1.618733e-09 4.595299e+13
2.430000e+00 3.113828e-27 1.717677e-09 4.876183e+13
2.440000e+00 3.106215e-27 1.776224e-09 5.042389e+13
2.450000e+00 3.098629e-27 1.787128e-09 5.073342e+13
2.460000e+00 3.091071e-27 1.747808e-09 4.961722e+13
2.470000e+00 3.083541e-27 1.661297e-09 4.716132e+13
2.480000e+00 3.076038e-27 1.536178e-09 4.360942e+13
2.490000e+00 3.068562e-27 1.385611e-09 3.933506e+13
2.500000e+00 3.061113e-27 1.225550e-09 3.479121e+13
2.510000e+00 3.053691e-27 1.072526e-09 3.044714e+13
2.520000e+00 3.046296e-27 9.415017e-10 2.672759e+13
2.530000e+00 3.038928e-27 8.440632e-10 2.396148e+13
2.540000e+00 3.031586e-27 7.870988e-10 2.234436e+13
2.550000e+00 3.024271e-27 7.721547e-10 2.192012e+13
2.560000e+00 3.016983e-27 7.954235e-10 2.258068e+13
2.570000e+00 3.009721e-27 8.483021e-10 2.408181e+13
2.580000e+00 3.002486e-27 9.185212e-10 2.607521e+13
2.590000e+00 2.995278e-27 9.917548e-10 2.815418e+13
2.600000e+00 2.988096e-27 1.053522e-09 2.990766e+13
2.610000e+00 2.980941e-27 1.091268e-09 3.097920e+13
2.620000e+00 2.973812e-27 1.096108e-09 3.111659e+13
2.630000e+00 2.966711e-27 1.064041e-09 3.020626e+13
2.640000e+00 2.959636e-27 9.963088e-10 2.828346e+13
2.650000e+00 2.952588e-27 8.988374e-10 2.551642e+13
2.660000e+00 2.945567e-27 7.809092e-10 2.216864e+13
2.670000e+00 2.938573e-27 6.533394e-10 1.854716e+13
2.680000e+00 2.931605e-27 5.266536e-10 1.495077e+13
2.690000e+00 2.924665e-27 4.096207e-10 1.162841e+13
2.700000e+00 2.917751e-27 3.083084e-10 8.752336e+12
2.710000e+00 2.910865e-27 2.258191e-10 6.410609e+12
2.720000e+00 2.904005e-27 1.626462e-10 4.617242e+12
2.730000e+00 2.897172e-27 1.172855e-10 3.329529e+12
2.740000e+00 2.890366e-27 8.705559e-11 2.471356e+12
2.750000e+00 2.883588e-27 6.883712e-11 1.954165e+12
2.760000e+00 2.876836e-27 5.964303e-11 1.693161e+12
2.770000e+00 2.870111e-27 5.695592e-11 1.616879e+12
2.780000e+00 2.863412e-27 5.887785e-11 1.671439e+12
2.790000e+00 2.856740e-27 6.410370e-11 1.819792e+12
2.800000e+00 2.850095e-27 7.178931e-11 2.037973e+12
2.810000e+00 2.843477e-27 8.136295e-11 2.309752e+12
2.820000e+00 2.836885e-27 9.232712e-11 2.621005e+12
2.830000e+00 2.830320e-27 1.040969e-10 2.955129e+12
2.840000e+00 2.823781e-27 1.159134e-10 3.290578e+12
2.850000e+00 2.817269e-27 1.268344e-10 3.600608e+12
2.860000e+00 2.810783e-27 1.358280e-10 3.855919e+12
2.870000e+00 2.804323e-27 1.419273e-10 4.029068e+12
2.880000e+00 2.797890e-27 1.444095e-10 4.099532e+12
2.890000e+00 2.791483e-27 1.429495e-10 4.058087e+12
2.900000e+00 2.785102e-27 1.377045e-10 3.909190e+12
2.910000e+00 2.778747e-27 1.292982e-10 3.670551e+12
2.920000e+00 2.772418e-27 1.187221e-10 3.370311e+12
2.930000e+00 2.766116e-27 1.071651e-10 3.042228e+12
2.940000e+00 2.759838e-27 9.583786e-11 2.720669e+12
2.950000e+00 2.753586e-27 8.582652e-11 2.436465e+12
2.960000e+00 2.747359e-27 7.799760e-11 2.214215e+12
2.970000e+00 2.741156e-27 7.298547e-11 2.071930e+12
2.980000e+00 2.734978e-27 7.123103e-11 2.022124e+12
2.990000e+00 2.728824e-27 7.305257e-11 2.073835e+12
3.000000e+00 2.722694e-27 7.871416e-11 2.234557e+12
