3.000000e-01 2.027847e-28 1.298312e-08 9.794004e+14
3.100000e-01 2.001610e-28 1.391347e-08 1.049583e+15
3.200000e-01 1.975652e-28 1.474099e-08 1.112008e+15
3.300000e-01 1.950073e-28 1.544022e-08 1.164755e+15
3.400000e-01 1.924884e-28 1.597307e-08 1.204952e+15
3.500000e-01 1.900062e-28 1.629364e-08 1.229134e+15
3.600000e-01 1.875609e-28 1.635797e-08 1.233987e+15
3.700000e-01 1.851546e-28 1.613593e-08 1.217237e+15
3.800000e-01 1.827888e-28 1.562198e-08 1.178467e+15
3.900000e-01 1.804650e-28 1.484156e-08 1.119595e+15
4.000000e-01 1.781842e-28 1.385101e-08 1.044871e+15
4.100000e-01 1.759480e-28 1.273053e-08 9.603457e+14
4.200000e-01 1.737581e-28 1.157196e-08 8.729479e+14
4.300000e-01 1.716150e-28 1.046450e-08 7.894045e+14
4.400000e-01 1.695158e-28 9.481568e-09 7.152559e+14
4.500000e-01 1.674566e-28 8.672424e-09 6.542169e+14
4.600000e-01 1.654352e-28 8.059318e-09 6.079664e+14
4.700000e-01 1.634527e-28 7.640637e-09 5.763826e+14
4.800000e-01 1.615109e-28 7.398585e-09 5.581230e+14
4.900000e-01 1.596110e-28 7.309805e-09 5.514258e+14
5.000000e-01 1.577519e-28 7.356533e-09 5.549507e+14
5.100000e-01 1.559323e-28 7.536355e-09 5.685159e+14
5.200000e-01 1.541506e-28 7.868745e-09 5.935902e+14
5.300000e-01 1.524059e-28 8.397280e-09 6.334610e+14
5.400000e-01 1.506975e-28 9.186716e-09 6.930133e+14
5.500000e-01 1.490248e-28 1.031451e-08 7.780900e+14
5.600000e-01 1.473871e-28 1.185701e-08 8.944511e+14
5.700000e-01 1.457836e-28 1.387144e-08 1.046412e+15
5.800000e-01 1.442138e-28 1.637621e-08 1.235363e+15
5.900000e-01 1.426769e-28 1.933378e-08 1.458472e+15
6.000000e-01 1.411721e-28 2.264141e-08 1.707988e+15
6.100000e-01 1.396988e-28 2.613431e-08 1.971480e+15
6.200000e-01 1.382562e-28 2.960454e-08 2.233261e+15
6.300000e-01 1.368433e-28 3.283420e-08 2.476896e+15
6.400000e-01 1.354595e-28 3.563742e-08 2.688361e+15
6.500000e-01 1.341042e-28 3.790158e-08 2.859161e+15
6.600000e-01 1.327767e-28 3.961684e-08 2.988554e+15
6.700000e-01 1.314765e-28 4.088523e-08 3.084237e+15
6.800000e-01 1.302029e-28 4.190515e-08 3.161176e+15
6.900000e-01 1.289553e-28 4.293394e-08 3.238784e+15
7.000000e-01 1.277331e-28 4.423713e-08 3.337092e+15
7.100000e-01 1.265357e-28 4.603681e-08 3.472854e+15
7.200000e-01 1.253625e-28 4.847194e-08 3.656551e+15
7.300000e-01 1.242129e-28 5.157958e-08 3.890980e+15
7.400000e-01 1.230861e-28 5.530112e-08 4.171721e+15
7.500000e-01 1.219814e-28 5.951014e-08 4.489234e+15
7.600000e-01 1.208980e-28 6.405290e-08 4.831923e+15
7.700000e-01 1.198352e-28 6.878994e-08 5.189269e+15
7.800000e-01 1.187929e-28 7.362697e-08 5.554157e+15
7.900000e-01 1.177713e-28 7.852720e-08 5.923813e+15
8.000000e-01 1.167708e-28 8.350158e-08 6.299063e+15
8.100000e-01 1.157916e-28 8.858341e-08 6.682418e+15
8.200000e-01 1.148341e-28 9.379484e-08 7.075550e+15
8.300000e-01 1.138976e-28 9.911607e-08 7.476964e+15
8.400000e-01 1.129792e-28 1.044669e-07 7.880615e+15
8.500000e-01 1.120757e-28 1.097085e-07 8.276021e+15
8.600000e-01 1.111842e-28 1.146608e-07 8.649605e+15
8.700000e-01 1.103014e-28 1.191323e-07 8.986919e+15
8.800000e-01 1.094248e-28 1.229534e-07 9.275166e+15
8.900000e-01 1.085581e-28 1.260121e-07 9.505904e+15
9.000000e-01 1.077099e-28 1.282709e-07 9.676301e+15
9.100000e-01 1.068889e-28 1.297646e-07 9.788985e+15
9.200000e-01 1.061041e-28 1.305897e-07 9.851222e+15
9.300000e-01 1.053641e-28 1.308822e-07 9.873292e+15
9.400000e-01 1.046764e-28 1.307898e-07 9.866322e+15
9.500000e-01 1.040279e-28 1.304188e-07 9.838333e+15
9.600000e-01 1.033877e-28 1.298151e-07 9.792792e+15
9.700000e-01 1.027247e-28 1.289713e-07 9.729134e+15
9.800000e-01 1.020076e-28 1.278244e-07 9.642616e+15
9.900000e-01 1.012053e-28 1.262656e-07 9.525033e+15
1.000000e+00 1.002865e-28 1.241608e-07 9.366248e+15
1.010000e+00 9.925201e-29 1.214156e-07 9.159165e+15
1.020000e+00 9.819093e-29 1.180680e-07 8.906634e+15
1.030000e+00 9.720760e-29 1.142094e-07 8.615548e+15
1.040000e+00 9.640636e-29 1.099673e-07 8.295545e+15
1.050000e+00 9.589152e-29 1.054964e-07 7.958277e+15
1.060000e+00 9.576742e-29 1.009607e-07 7.616116e+15
1.070000e+00 9.613743e-29 9.651432e-08 7.280698e+15
1.080000e+00 9.696589e-29 9.215088e-08 6.951535e+15
1.090000e+00 9.793367e-29 8.759986e-08 6.608222e+15
1.100000e+00 9.868713e-29 8.261551e-08 6.232221e+15
1.110000e+00 9.887262e-29 7.701405e-08 5.809667e+15
1.120000e+00 9.813651e-29 7.068199e-08 5.331998e+15
1.130000e+00 9.612515e-29 6.358348e-08 4.796512e+15
1.140000e+00 9.248489e-29 5.576893e-08 4.207010e+15
1.150000e+00 8.696934e-29 4.742994e-08 3.577947e+15
1.160000e+00 7.997709e-29 3.912520e-08 2.951467e+15
1.170000e+00 7.214667e-29 3.140921e-08 2.369399e+15
1.180000e+00 6.411699e-29 2.466623e-08 1.860733e+15
1.190000e+00 5.652700e-29 1.911729e-08 1.442141e+15
1.200000e+00 5.001563e-29 1.483807e-08 1.119331e+15
1.210000e+00 4.522181e-29 1.179277e-08 8.896045e+14
1.220000e+00 4.278446e-29 9.879934e-09 7.453071e+14
1.230000e+00 4.314762e-29 8.941310e-09 6.745007e+14
1.240000e+00 4.595243e-29 8.707849e-09 6.568892e+14
1.250000e+00 5.063335e-29 8.976110e-09 6.771259e+14
1.260000e+00 5.662480e-29 9.619997e-09 7.256984e+14
1.270000e+00 6.336123e-29 1.054942e-08 7.958110e+14
1.280000e+00 7.027709e-29 1.167674e-08 8.808517e+14
1.290000e+00 7.680682e-29 1.289359e-08 9.726468e+14
1.300000e+00 8.238485e-29 1.406054e-08 1.060677e+15
1.310000e+00 8.647091e-29 1.501465e-08 1.132652e+15
1.320000e+00 8.894918e-29 1.565540e-08 1.180988e+15
1.330000e+00 9.005596e-29 1.595794e-08 1.203810e+15
1.340000e+00 9.003821e-29 1.593127e-08 1.201799e+15
1.350000e+00 8.914289e-29 1.562277e-08 1.178527e+15
1.360000e+00 8.761697e-29 1.511548e-08 1.140258e+15
1.370000e+00 8.570741e-29 1.451734e-08 1.095137e+15
1.380000e+00 8.366118e-29 1.394530e-08 1.051984e+15
1.390000e+00 8.172523e-29 1.350891e-08 1.019064e+15
1.400000e+00 8.013696e-29 1.329550e-08 1.002966e+15
1.410000e+00 7.897336e-29 1.333750e-08 1.006134e+15
1.420000e+00 7.817850e-29 1.361197e-08 1.026838e+15
1.430000e+00 7.769244e-29 1.405948e-08 1.060597e+15
1.440000e+00 7.745523e-29 1.458894e-08 1.100538e+15
1.450000e+00 7.740692e-29 1.508805e-08 1.138189e+15
1.460000e+00 7.748756e-29 1.543937e-08 1.164691e+15
1.470000e+00 7.763721e-29 1.553987e-08 1.172273e+15
1.480000e+00 7.779593e-29 1.531847e-08 1.155571e+15
1.490000e+00 7.790376e-29 1.474847e-08 1.112573e+15
1.500000e+00 7.791143e-29 1.385279e-08 1.045005e+15
1.510000e+00 7.781908e-29 1.270309e-08 9.582764e+14
1.520000e+00 7.764113e-29 1.139645e-08 8.597076e+14
1.530000e+00 7.739199e-29 1.003372e-08 7.569081e+14
1.540000e+00 7.708610e-29 8.702914e-09 6.565170e+14
1.550000e+00 7.673786e-29 7.469664e-09 5.634850e+14
1.560000e+00 7.636170e-29 6.373241e-09 4.807747e+14
1.570000e+00 7.597205e-29 5.429428e-09 4.095768e+14
1.580000e+00 7.558332e-29 4.636991e-09 3.497981e+14
1.590000e+00 7.520993e-29 3.985375e-09 3.006426e+14
1.600000e+00 7.486542e-29 3.460560e-09 2.610523e+14
1.610000e+00 7.455298e-29 3.049007e-09 2.300063e+14
1.620000e+00 7.426915e-29 2.739794e-09 2.066803e+14
1.630000e+00 7.401035e-29 2.524405e-09 1.904321e+14
1.640000e+00 7.377302e-29 2.395654e-09 1.807196e+14
1.650000e+00 7.355359e-29 2.346128e-09 1.769836e+14
1.660000e+00 7.334847e-29 2.366981e-09 1.785566e+14
1.670000e+00 7.315410e-29 2.447235e-09 1.846107e+14
1.680000e+00 7.296691e-29 2.573808e-09 1.941589e+14
1.690000e+00 7.278332e-29 2.732353e-09 2.061190e+14
1.700000e+00 7.259975e-29 2.909088e-09 2.194513e+14
1.710000e+00 7.241287e-29 3.093531e-09 2.333650e+14
1.720000e+00 7.222185e-29 3.281868e-09 2.475725e+14
1.730000e+00 7.202746e-29 3.480158e-09 2.625308e+14
1.740000e+00 7.183051e-29 3.706162e-09 2.795797e+14
1.750000e+00 7.163181e-29 3.988594e-09 3.008853e+14
1.760000e+00 7.143215e-29 4.363287e-09 3.291509e+14
1.770000e+00 7.123235e-29 4.865773e-09 3.670567e+14
1.780000e+00 7.103321e-29 5.521130e-09 4.164945e+14
1.790000e+00 7.083553e-29 6.333945e-09 4.778103e+14
1.800000e+00 7.064012e-29 7.280032e-09 5.491798e+14
1.810000e+00 7.044779e-29 8.303341e-09 6.263746e+14
1.820000e+00 7.025933e-29 9.319470e-09 7.030277e+14
1.830000e+00 7.007541e-29 1.022732e-08 7.715125e+14
1.840000e+00 6.989601e-29 1.092520e-08 8.241583e+14
1.850000e+00 6.972089e-29 1.133055e-08 8.547363e+14
1.860000e+00 6.954980e-29 1.139790e-08 8.598169e+14
1.870000e+00 6.938249e-29 1.113052e-08 8.396472e+14
1.880000e+00 6.921871e-29 1.058387e-08 7.984098e+14
1.890000e+00 6.905823e-29 9.858656e-09 7.437021e+14
1.900000e+00 6.890080e-29 9.085129e-09 6.853499e+14
1.910000e+00 6.874617e-29 8.401931e-09 6.338119e+14
1.920000e+00 6.859409e-29 7.932102e-09 5.983696e+14
1.930000e+00 6.844433e-29 7.762032e-09 5.855402e+14
1.940000e+00 6.829663e-29 7.926062e-09 5.979140e+14
1.950000e+00 6.815076e-29 8.399501e-09 6.336286e+14
1.960000e+00 6.800656e-29 9.101800e-09 6.866075e+14
1.970000e+00 6.786406e-29 9.909144e-09 7.475107e+14
1.980000e+00 6.772326e-29 1.067462e-08 8.052552e+14
1.990000e+00 6.758420e-29 1.125332e-08 8.489109e+14
2.000000e+00 6.744689e-29 1.152646e-08 8.695153e+14
2.010000e+00 6.731136e-29 1.142082e-08 8.615459e+14
2.020000e+00 6.717762e-29 1.091934e-08 8.237165e+14
2.030000e+00 6.704569e-29 1.006064e-08 7.589390e+14
2.040000e+00 6.691560e-29 8.928724e-09 6.735513e+14
2.050000e+00 6.678737e-29 7.635007e-09 5.759578e+14
2.060000e+00 6.666101e-29 6.297538e-09 4.750640e+14
2.070000e+00 6.653655e-29 5.023067e-09 3.789224e+14
2.080000e+00 6.641401e-29 3.892836e-09 2.936617e+14
2.090000e+00 6.629340e-29 2.956590e-09 2.230347e+14
2.100000e+00 6.617469e-29 2.232710e-09 1.684277e+14
2.110000e+00 6.605786e-29 1.713585e-09 1.292668e+14
2.120000e+00 6.594286e-29 1.372840e-09 1.035622e+14
2.130000e+00 6.582965e-29 1.173803e-09 8.854755e+13
2.140000e+00 6.571821e-29 1.076488e-09 8.120641e+13
2.150000e+00 6.560849e-29 1.042827e-09 7.866717e+13
2.160000e+00 6.550045e-29 1.040303e-09 7.847674e+13
2.170000e+00 6.539407e-29 1.043896e-09 7.874779e+13
2.180000e+00 6.528929e-29 1.036896e-09 7.821979e+13
2.190000e+00 6.518609e-29 1.010756e-09 7.624787e+13
2.200000e+00 6.508443e-29 9.641902e-10 7.273509e+13
2.210000e+00 6.498428e-29 9.016510e-10 6.801736e+13
2.220000e+00 6.488559e-29 8.314151e-10 6.271900e+13
2.230000e+00 6.478833e-29 7.635540e-10 5.759981e+13
2.240000e+00 6.469247e-29 7.081627e-10 5.342128e+13
2.250000e+00 6.459800e-29 6.740274e-10 5.084624e+13
2.260000e+00 6.450491e-29 6.680243e-10 5.039339e+13
2.270000e+00 6.441317e-29 6.951399e-10 5.243889e+13
2.280000e+00 6.432277e-29 7.589620e-10 5.725340e+13
2.290000e+00 6.423370e-29 8.623953e-10 6.505604e+13
2.300000e+00 6.414594e-29 1.008305e-09 7.606297e+13
2.310000e+00 6.405947e-29 1.199893e-09 9.051570e+13
2.320000e+00 6.397428e-29 1.440919e-09 1.086978e+14
2.330000e+00 6.389035e-29 1.735426e-09 1.309144e+14
2.340000e+00 6.380767e-29 2.087321e-09 1.574601e+14
2.350000e+00 6.372622e-29 2.499760e-09 1.885730e+14
2.360000e+00 6.364599e-29 2.973722e-09 2.243270e+14
2.370000e+00 6.356696e-29 3.506463e-09 2.645152e+14
2.380000e+00 6.348911e-29 4.089349e-09 3.084860e+14
2.390000e+00 6.341242e-29 4.705677e-09 3.549795e+14
2.400000e+00 6.333690e-29 5.328888e-09 4.019924e+14
2.410000e+00 6.326251e-29 5.922920e-09 4.468040e+14
2.420000e+00 6.318925e-29 6.444393e-09 4.861421e+14
2.430000e+00 6.311710e-29 6.847254e-09 5.165326e+14
2.440000e+00 6.304604e-29 7.090007e-09 5.348450e+14
2.450000e+00 6.297607e-29 7.143057e-09 5.388469e+14
2.460000e+00 6.290717e-29 6.995319e-09 5.277020e+14
2.470000e+00 6.283932e-29 6.658122e-09 5.022651e+14
2.480000e+00 6.277251e-29 6.165128e-09 4.650754e+14
2.490000e+00 6.270673e-29 5.568563e-09 4.200726e+14
2.500000e+00 6.264196e-29 4.932188e-09 3.720668e+14
2.510000e+00 6.257819e-29 4.322434e-09 3.260691e+14
2.520000e+00 6.251540e-29 3.799782e-09 2.866420e+14
2.530000e+00 6.245358e-29 3.411415e-09 2.573450e+14
2.540000e+00 6.239271e-29 3.185780e-09 2.403239e+14
2.550000e+00 6.233278e-29 3.129844e-09 2.361043e+14
2.560000e+00 6.227378e-29 3.228891e-09 2.435761e+14
2.570000e+00 6.221570e-29 3.448633e-09 2.601526e+14
2.580000e+00 6.215853e-29 3.739655e-09 2.821063e+14
2.590000e+00 6.210225e-29 4.043870e-09 3.050552e+14
2.600000e+00 6.204685e-29 4.302210e-09 3.245435e+14
2.610000e+00 6.199232e-29 4.463122e-09 3.366821e+14
2.620000e+00 6.193866e-29 4.489771e-09 3.386924e+14
2.630000e+00 6.188584e-29 4.365128e-09 3.292898e+14
2.640000e+00 6.183386e-29 4.093593e-09 3.088061e+14
2.650000e+00 6.178270e-29 3.698859e-09 2.790288e+14
2.660000e+00 6.173237e-29 3.218601e-09 2.427999e+14
2.670000e+00 6.168283e-29 2.697052e-09 2.034560e+14
2.680000e+00 6.163409e-29 2.177525e-09 1.642648e+14
2.690000e+00 6.158612e-29 1.696334e-09 1.279654e+14
2.700000e+00 6.153893e-29 1.278821e-09 9.646970e+13
2.710000e+00 6.149249e-29 9.381740e-10 7.077252e+13
2.720000e+00 6.144680e-29 6.768129e-10 5.105637e+13
2.730000e+00 6.140185e-29 4.888482e-10 3.687697e+13
2.740000e+00 6.135763e-29 3.634418e-10 2.741676e+13
2.750000e+00 6.131412e-29 2.878543e-10 2.171470e+13
2.760000e+00 6.127132e-29 2.498185e-10 1.884542e+13
2.770000e+00 6.122923e-29 2.389580e-10 1.802615e+13
2.780000e+00 6.118783e-29 2.474319e-10 1.866539e+13
2.790000e+00 6.114712e-29 2.698428e-10 2.035599e+13
2.800000e+00 6.110708e-29 3.027015e-10 2.283473e+13
2.810000e+00 6.106771e-29 3.436460e-10 2.592343e+13
2.820000e+00 6.102899e-29 3.906127e-10 2.946644e+13
2.830000e+00 6.099093e-29 4.411540e-10 3.327909e+13
2.840000e+00 6.095352e-29 4.920667e-10 3.711977e+13
2.850000e+00 6.091673e-29 5.393469e-10 4.068642e+13
2.860000e+00 6.088057e-29 5.785799e-10 4.364602e+13
2.870000e+00 6.084503e-29 6.055998e-10 4.568430e+13
2.880000e+00 6.081010e-29 6.172533e-10 4.656340e+13
2.890000e+00 6.077577e-29 6.120697e-10 4.617236e+13
2.900000e+00 6.074203e-29 5.906348e-10 4.455539e+13
2.910000e+00 6.070887e-29 5.555439e-10 4.190826e+13
2.920000e+00 6.067628e-29 5.109922e-10 3.854744e+13
2.930000e+00 6.064427e-29 4.620567e-10 3.485592e+13
2.940000e+00 6.061282e-29 4.139431e-10 3.122640e+13
2.950000e+00 6.058192e-29 3.713544e-10 2.801366e+13
2.960000e+00 6.055158e-29 3.380757e-10 2.550323e+13
2.970000e+00 6.052178e-29 3.169107e-10 2.390662e+13
2.980000e+00 6.049251e-29 3.098415e-10 2.337335e+13
2.990000e+00 6.046377e-29 3.183302e-10 2.401370e+13
3.000000e+00 6.043556e-29 3.436127e-10 2.592092e+13
