3.000000e-01 1.152283e-08 1.463669e+15
3.100000e-01 1.149431e-08 1.569266e+15
3.200000e-01 1.129168e-08 1.663346e+15
3.300000e-01 1.093424e-08 1.744079e+15
3.400000e-01 1.043142e-08 1.807464e+15
3.500000e-01 8.887365e-09 1.832069e+15
3.600000e-01 8.197354e-09 1.849234e+15
3.700000e-01 7.390259e-09 1.827411e+15
3.800000e-01 6.521002e-09 1.769521e+15
3.900000e-01 5.638957e-09 1.680336e+15
4.000000e-01 4.787258e-09 1.566766e+15
4.100000e-01 4.003119e-09 1.438331e+15
4.200000e-01 3.313040e-09 1.305576e+15
4.300000e-01 2.731708e-09 1.178798e+15
4.400000e-01 2.261688e-09 1.066408e+15
4.500000e-01 1.895870e-09 9.740713e+14
4.600000e-01 1.619810e-09 9.038820e+14
4.700000e-01 1.416240e-09 8.551109e+14
4.800000e-01 1.269457e-09 8.259478e+14
4.900000e-01 1.165980e-09 8.139072e+14
5.000000e-01 1.095698e-09 8.169076e+14
5.100000e-01 1.052778e-09 8.345941e+14
5.200000e-01 1.035394e-09 8.690227e+14
5.300000e-01 1.044999e-09 9.248797e+14
5.400000e-01 1.085177e-09 1.009129e+15
5.500000e-01 1.160210e-09 1.130067e+15
5.600000e-01 1.273431e-09 1.295819e+15
5.700000e-01 1.425666e-09 1.512568e+15
5.800000e-01 1.612955e-09 1.781644e+15
5.900000e-01 1.825934e-09 2.097955e+15
6.000000e-01 2.050492e-09 2.449691e+15
6.100000e-01 2.269068e-09 2.818828e+15
6.200000e-01 2.462888e-09 3.182929e+15
6.300000e-01 2.615065e-09 3.518507e+15
6.400000e-01 2.714344e-09 3.806046e+15
6.500000e-01 2.757272e-09 4.034016e+15
6.600000e-01 2.748958e-09 4.201806e+15
6.700000e-01 2.702250e-09 4.320949e+15
6.800000e-01 2.633969e-09 4.411766e+15
6.900000e-01 2.563203e-09 4.502499e+15
7.000000e-01 2.506471e-09 4.622278e+15
7.100000e-01 2.474083e-09 4.793951e+15
7.200000e-01 2.469673e-09 5.031032e+15
7.300000e-01 2.491020e-09 5.336505e+15
7.400000e-01 2.531850e-09 5.703771e+15
7.500000e-01 2.584063e-09 6.119329e+15
7.600000e-01 2.640063e-09 6.567069e+15
7.700000e-01 2.694463e-09 7.032616e+15
7.800000e-01 2.744840e-09 7.506556e+15
7.900000e-01 2.791614e-09 7.985964e+15
8.000000e-01 2.835305e-09 8.468166e+15
8.100000e-01 2.878512e-09 8.957209e+15
8.200000e-01 2.922845e-09 9.455447e+15
8.300000e-01 2.968261e-09 9.960926e+15
8.400000e-01 3.012811e-09 1.046565e+16
8.500000e-01 3.053104e-09 1.095636e+16
8.600000e-01 3.084798e-09 1.141566e+16
8.700000e-01 3.103532e-09 1.182516e+16
8.800000e-01 3.106034e-09 1.216986e+16
8.900000e-01 3.090123e-09 1.243860e+16
9.000000e-01 3.055448e-09 1.262739e+16
9.100000e-01 3.002208e-09 1.273464e+16
9.200000e-01 2.933701e-09 1.277211e+16
9.300000e-01 2.853234e-09 1.275258e+16
9.400000e-01 2.764165e-09 1.268978e+16
9.500000e-01 2.669523e-09 1.259664e+16
9.600000e-01 2.571317e-09 1.248172e+16
9.700000e-01 2.470436e-09 1.234815e+16
9.800000e-01 2.366898e-09 1.219418e+16
9.900000e-01 2.259961e-09 1.201317e+16
1.000000e+00 2.148662e-09 1.179584e+16
1.010000e+00 2.032405e-09 1.153340e+16
1.020000e+00 1.911018e-09 1.121828e+16
1.030000e+00 1.785232e-09 1.084741e+16
1.040000e+00 1.656492e-09 1.042225e+16
1.050000e+00 1.526663e-09 9.947897e+15
1.060000e+00 1.398051e-09 9.434068e+15
1.070000e+00 1.272654e-09 8.890802e+15
1.080000e+00 1.152278e-09 8.329199e+15
1.090000e+00 1.038116e-09 7.758343e+15
1.100000e+00 9.310566e-10 7.187005e+15
1.110000e+00 8.312382e-10 6.619762e+15
1.120000e+00 7.385319e-10 6.059952e+15
1.130000e+00 6.526654e-10 5.510283e+15
1.140000e+00 5.733689e-10 4.973768e+15
1.150000e+00 5.004544e-10 4.454262e+15
1.160000e+00 4.338416e-10 3.956613e+15
1.170000e+00 3.735916e-10 3.486915e+15
1.180000e+00 3.198043e-10 3.051533e+15
1.190000e+00 2.725960e-10 2.656818e+15
1.200000e+00 2.320159e-10 2.308227e+15
1.210000e+00 1.979776e-10 2.009562e+15
1.220000e+00 1.702264e-10 1.762549e+15
1.230000e+00 1.483275e-10 1.566622e+15
1.240000e+00 1.316805e-10 1.418995e+15
1.250000e+00 1.195501e-10 1.314904e+15
1.260000e+00 1.111273e-10 1.248203e+15
1.270000e+00 1.055666e-10 1.211717e+15
1.280000e+00 1.020416e-10 1.197818e+15
1.290000e+00 9.977935e-11 1.198792e+15
1.300000e+00 9.809754e-11 1.207281e+15
1.310000e+00 9.643644e-11 1.216708e+15
1.320000e+00 9.437960e-11 1.221631e+15
1.330000e+00 9.168705e-11 1.218342e+15
1.340000e+00 8.828854e-11 1.205018e+15
1.350000e+00 8.430292e-11 1.182291e+15
1.360000e+00 7.997670e-11 1.152735e+15
1.370000e+00 7.567786e-11 1.121065e+15
1.380000e+00 7.177862e-11 1.092655e+15
1.390000e+00 6.862993e-11 1.073187e+15
1.400000e+00 6.644653e-11 1.066787e+15
1.410000e+00 6.528881e-11 1.075440e+15
1.420000e+00 6.502322e-11 1.097983e+15
1.430000e+00 6.534083e-11 1.130008e+15
1.440000e+00 6.582338e-11 1.164675e+15
1.450000e+00 6.598509e-11 1.193275e+15
1.460000e+00 6.541132e-11 1.207709e+15
1.470000e+00 6.377473e-11 1.200982e+15
1.480000e+00 6.094424e-11 1.169494e+15
1.490000e+00 5.696131e-11 1.112940e+15
1.500000e+00 5.202970e-11 1.034379e+15
1.510000e+00 4.648379e-11 9.398228e+14
1.520000e+00 4.067209e-11 8.360105e+14
1.530000e+00 3.496229e-11 7.304965e+14
1.540000e+00 2.962310e-11 6.291580e+14
1.550000e+00 2.484013e-11 5.363814e+14
1.560000e+00 2.070831e-11 4.547789e+14
1.570000e+00 1.722193e-11 3.848344e+14
1.580000e+00 1.435096e-11 3.264792e+14
1.590000e+00 1.202083e-11 2.785931e+14
1.600000e+00 1.015744e-11 2.399832e+14
1.610000e+00 8.699673e-12 2.096842e+14
1.620000e+00 7.584378e-12 1.866154e+14
1.630000e+00 6.772496e-12 1.702234e+14
1.640000e+00 6.221757e-12 1.598353e+14
1.650000e+00 5.887472e-12 1.546608e+14
1.660000e+00 5.736682e-12 1.541536e+14
1.670000e+00 5.719732e-12 1.572530e+14
1.680000e+00 5.795331e-12 1.630255e+14
1.690000e+00 5.927511e-12 1.705920e+14
1.700000e+00 6.065836e-12 1.785554e+14
1.710000e+00 6.200253e-12 1.865989e+14
1.720000e+00 6.322691e-12 1.944379e+14
1.730000e+00 6.420136e-12 2.016105e+14
1.740000e+00 6.551338e-12 2.099228e+14
1.750000e+00 6.741092e-12 2.202233e+14
1.760000e+00 7.005099e-12 2.331198e+14
1.770000e+00 7.425714e-12 2.515154e+14
1.780000e+00 7.910246e-12 2.724720e+14
1.790000e+00 8.392510e-12 2.937658e+14
1.800000e+00 8.924458e-12 3.172358e+14
1.810000e+00 7.018927e-12 2.532278e+14
1.820000e+00 3.528142e-12 1.291331e+14
1.830000e+00 1.043980e-11 3.876614e+14
1.840000e+00 1.295163e-11 4.877649e+14
1.850000e+00 1.469899e-11 5.614454e+14
1.860000e+00 1.553912e-11 6.020799e+14
1.870000e+00 1.589264e-11 6.248313e+14
1.880000e+00 1.577895e-11 6.297423e+14
1.890000e+00 1.491718e-11 6.046535e+14
1.900000e+00 1.392194e-11 5.734582e+14
1.910000e+00 1.301965e-11 5.453164e+14
1.920000e+00 1.231413e-11 5.247716e+14
1.930000e+00 1.205015e-11 5.228065e+14
1.940000e+00 1.229408e-11 5.433426e+14
1.950000e+00 1.295630e-11 5.835887e+14
1.960000e+00 1.394232e-11 6.403100e+14
1.970000e+00 1.506777e-11 7.057783e+14
1.980000e+00 1.607367e-11 7.680337e+14
1.990000e+00 1.676306e-11 8.171255e+14
2.000000e+00 1.698520e-11 8.445807e+14
2.010000e+00 1.663536e-11 8.436121e+14
2.020000e+00 1.570909e-11 8.121748e+14
2.030000e+00 1.430145e-11 7.534641e+14
2.040000e+00 1.254432e-11 6.730768e+14
2.050000e+00 1.059596e-11 5.786406e+14
2.060000e+00 8.756367e-12 4.781815e+14
2.070000e+00 6.903578e-12 3.834301e+14
2.080000e+00 5.292056e-12 2.987165e+14
2.090000e+00 3.974414e-12 2.278300e+14
2.100000e+00 2.969491e-12 1.727492e+14
2.110000e+00 2.256271e-12 1.331189e+14
2.120000e+00 1.789648e-12 1.070247e+14
2.130000e+00 1.515028e-12 9.179154e+13
2.140000e+00 1.376099e-12 8.443961e+13
2.150000e+00 1.320419e-12 8.204017e+13
2.160000e+00 1.304049e-12 8.203299e+13
2.170000e+00 1.295352e-12 8.250514e+13
2.180000e+00 1.273447e-12 8.213817e+13
2.190000e+00 1.227776e-12 8.021884e+13
2.200000e+00 1.157708e-12 7.665041e+13
2.210000e+00 1.069625e-12 7.179671e+13
2.220000e+00 9.739168e-13 6.630983e+13
2.230000e+00 8.822921e-13 6.096656e+13
2.240000e+00 8.067297e-13 5.660773e+13
2.250000e+00 7.565780e-13 5.393978e+13
2.260000e+00 7.382906e-13 5.350738e+13
2.270000e+00 7.559258e-13 5.571776e+13
2.280000e+00 8.117705e-13 6.087490e+13
2.290000e+00 9.069799e-13 6.921712e+13
2.300000e+00 1.042241e-12 8.095936e+13
2.310000e+00 1.218870e-12 9.637390e+13
2.320000e+00 1.438543e-12 1.157694e+14
2.330000e+00 1.703047e-12 1.394693e+14
2.340000e+00 2.013552e-12 1.677477e+14
2.350000e+00 2.371439e-12 2.008916e+14
2.360000e+00 2.775733e-12 2.389778e+14
2.370000e+00 3.221963e-12 2.817561e+14
2.380000e+00 3.700719e-12 3.284984e+14
2.390000e+00 4.196834e-12 3.778981e+14
2.400000e+00 4.686963e-12 4.278212e+14
2.410000e+00 5.139969e-12 4.753065e+14
2.420000e+00 5.520550e-12 5.168751e+14
2.430000e+00 5.793116e-12 5.488904e+14
2.440000e+00 5.926738e-12 5.680411e+14
2.450000e+00 5.900631e-12 5.719001e+14
2.460000e+00 5.711099e-12 5.596501e+14
2.470000e+00 5.372679e-12 5.322710e+14
2.480000e+00 4.916869e-12 4.924895e+14
2.490000e+00 4.387941e-12 4.444331e+14
2.500000e+00 3.838798e-12 3.932725e+14
2.510000e+00 3.321744e-12 3.443273e+14
2.520000e+00 2.882000e-12 3.024069e+14
2.530000e+00 2.552157e-12 2.712099e+14
2.540000e+00 2.349550e-12 2.529906e+14
2.550000e+00 2.274379e-12 2.482726e+14
2.560000e+00 2.310714e-12 2.558450e+14
2.570000e+00 2.429127e-12 2.729282e+14
2.580000e+00 2.591444e-12 2.955871e+14
2.590000e+00 2.755940e-12 3.192302e+14
2.600000e+00 2.882842e-12 3.391965e+14
2.610000e+00 2.939924e-12 3.514180e+14
2.620000e+00 2.906989e-12 3.530215e+14
2.630000e+00 2.778283e-12 3.427415e+14
2.640000e+00 2.561717e-12 3.209721e+14
2.650000e+00 2.276471e-12 2.896078e+14
2.660000e+00 1.948806e-12 2.516245e+14
2.670000e+00 1.607349e-12 2.105321e+14
2.680000e+00 1.278037e-12 1.697210e+14
2.690000e+00 9.810829e-13 1.320151e+14
2.700000e+00 7.292018e-13 9.936283e+13
2.710000e+00 5.277467e-13 7.277719e+13
2.720000e+00 3.758097e-13 5.241776e+13
2.730000e+00 2.680782e-13 3.779918e+13
2.740000e+00 1.969175e-13 2.805536e+13
2.750000e+00 1.541450e-13 2.218247e+13
2.760000e+00 1.322539e-13 1.921849e+13
2.770000e+00 1.250847e-13 1.835160e+13
2.780000e+00 1.280722e-13 1.896969e+13
2.790000e+00 1.380920e-13 2.065066e+13
2.800000e+00 1.531310e-13 2.312373e+13
2.810000e+00 1.718071e-13 2.620450e+13
2.820000e+00 1.929361e-13 2.973266e+13
2.830000e+00 2.151769e-13 3.351775e+13
2.840000e+00 2.368998e-13 3.731615e+13
2.850000e+00 2.561775e-13 4.082540e+13
2.860000e+00 2.709955e-13 4.371354e+13
2.870000e+00 2.795794e-13 4.566920e+13
2.880000e+00 2.807333e-13 4.645803e+13
2.890000e+00 2.741465e-13 4.597890e+13
2.900000e+00 2.604500e-13 4.428310e+13
2.910000e+00 2.411330e-13 4.157190e+13
2.920000e+00 2.182836e-13 3.816307e+13
2.930000e+00 1.942455e-13 3.443948e+13
2.940000e+00 1.712729e-13 3.079186e+13
2.950000e+00 1.512577e-13 2.756886e+13
2.960000e+00 1.355989e-13 2.504847e+13
2.970000e+00 1.252106e-13 2.343261e+13
2.980000e+00 1.206433e-13 2.286317e+13
2.990000e+00 1.222160e-13 2.344169e+13
3.000000e+00 1.301514e-13 2.525199e+13
